1	120 
2	160 
3	53 
4	1 
5	97 
6	131 
7	218 
8	64 
9	201 
10	59 
11	151 
12	146 
13	157 
14	23 
15	10 
16	198 
17	24 
18	185 
19	29 
20	33 
21	125 
22	166 
23	213 
24	108 
25	164 
26	167 
27	174 
28	17 
29	114 
30	99 
31	140 
32	137 
33	45 
34	58 
35	149 
36	109 
37	126 
38	7 
39	98 
40	179 
41	88 
42	102 
43	157 
44	132 
45	161 
46	108 
47	27 
48	25 
49	142 
50	24 
51	96 
52	141 
53	21 
54	38 
55	123 
56	58 
57	125 
58	17 
59	209 
60	47 
61	32 
62	149 
63	176 
64	74 
65	175 
66	21 
67	214 
68	130 
69	198 
70	98 
71	68 
72	152 
73	108 
74	40 
75	64 
76	91 
77	25 
78	28 
79	105 
80	58 
81	49 
82	209 
83	191 
84	138 
85	179 
86	34 
87	203 
88	222 
89	198 
90	209 
91	27 
92	71 
93	68 
94	105 
95	201 
96	131 
97	68 
98	188 
99	58 
100	68 
101	20 
102	98 
103	175 
104	114 
105	186 
106	42 
107	167 
108	99 
109	107 
110	198 
111	45 
112	2 
113	100 
114	27 
115	62 
116	21 
117	141 
118	157 
119	61 
120	19 
121	20 
122	181 
123	16 
124	115 
125	142 
126	1 
127	205 
128	50 
129	85 
130	165 
131	222 
132	13 
133	62 
134	176 
135	222 
136	88 
137	21 
138	45 
139	218 
140	119 
141	203 
142	118 
143	10 
144	42 
145	138 
146	109 
147	62 
148	213 
149	142 
150	54 
151	209 
152	161 
153	215 
154	78 
155	192 
156	151 
157	216 
158	40 
159	61 
160	215 
161	78 
162	209 
163	119 
164	134 
165	209 
166	29 
167	201 
168	68 
169	205 
170	77 
171	158 
172	214 
173	110 
174	24 
175	36 
176	13 
177	24 
178	24 
179	214 
180	38 
181	21 
182	78 
183	124 
184	175 
185	208 
186	118 
187	58 
188	92 
189	149 
190	167 
191	21 
192	39 
193	159 
194	165 
195	81 
196	120 
197	202 
198	25 
199	151 
200	198 
201	222 
202	72 
203	196 
204	72 
205	141 
206	58 
207	143 
208	13 
209	114 
210	48 
211	150 
212	38 
213	58 
214	96 
215	32 
216	167 
217	149 
218	185 
219	213 
220	27 
221	128 
222	92 
223	58 
224	65 
225	175 
226	8 
227	164 
228	120 
229	50 
230	145 
231	159 
232	128 
233	131 
234	136 
235	165 
236	64 
237	1 
238	62 
239	203 
240	194 
241	98 
242	38 
243	214 
244	84 
245	40 
246	91 
247	136 
248	1 
249	109 
250	53 
251	152 
252	195 
253	53 
254	68 
255	150 
256	164 
257	5 
258	158 
259	175 
260	60 
261	164 
262	6 
263	222 
264	152 
265	85 
266	76 
267	10 
268	92 
269	15 
270	15 
271	2 
272	200 
273	173 
274	114 
275	202 
276	98 
277	151 
278	29 
279	40 
280	198 
281	46 
282	84 
283	90 
284	99 
285	146 
286	62 
287	52 
288	162 
289	106 
290	161 
291	7 
292	103 
293	48 
294	62 
295	25 
296	203 
297	169 
298	89 
299	47 
300	210 
301	145 
302	57 
303	186 
304	97 
305	146 
306	21 
307	110 
308	62 
309	127 
310	20 
311	33 
312	120 
313	157 
314	41 
315	152 
316	52 
317	192 
318	203 
319	179 
320	193 
321	150 
322	2 
323	58 
324	57 
325	58 
326	209 
327	118 
328	78 
329	21 
330	161 
331	114 
332	47 
333	81 
334	206 
335	64 
336	149 
337	189 
338	188 
339	209 
340	54 
341	213 
342	56 
343	41 
344	103 
345	200 
346	149 
347	119 
348	209 
349	27 
350	215 
351	2 
352	34 
353	202 
354	34 
355	69 
356	186 
357	210 
358	49 
359	81 
360	146 
361	117 
362	172 
363	82 
364	105 
365	123 
366	114 
367	108 
368	218 
369	140 
370	217 
371	145 
372	205 
373	40 
374	78 
375	41 
376	168 
377	208 
378	41 
379	176 
380	194 
381	136 
382	120 
383	92 
384	58 
385	206 
386	217 
387	61 
388	157 
389	97 
390	68 
391	217 
392	9 
393	192 
394	13 
395	10 
396	17 
397	51 
398	48 
399	78 
400	81 
401	43 
402	163 
403	10 
404	206 
405	150 
406	118 
407	62 
408	131 
409	206 
410	5 
411	38 
412	164 
413	49 
414	118 
415	58 
416	64 
417	173 
418	2 
419	119 
420	182 
421	97 
422	68 
423	98 
424	114 
425	44 
426	84 
427	130 
428	158 
429	167 
430	27 
431	91 
432	49 
433	27 
434	1 
435	176 
436	95 
437	146 
438	179 
439	99 
440	81 
441	12 
442	113 
443	222 
444	21 
445	145 
446	64 
447	87 
448	46 
449	58 
450	28 
451	17 
452	91 
453	5 
454	146 
455	164 
456	147 
457	214 
458	164 
459	21 
460	99 
461	108 
462	78 
463	183 
464	213 
465	114 
466	209 
467	101 
468	217 
469	208 
470	189 
471	149 
472	203 
473	138 
474	24 
475	99 
476	114 
477	221 
478	109 
479	105 
480	149 
481	3 
482	42 
483	108 
484	96 
485	202 
486	99 
487	42 
488	64 
489	179 
490	199 
491	151 
492	113 
493	215 
494	90 
495	134 
496	76 
497	81 
498	146 
499	192 
500	209 
501	218 
502	10 
503	214 
504	146 
505	20 
506	222 
507	205 
508	140 
509	203 
510	176 
511	206 
512	70 
513	119 
514	60 
515	126 
516	114 
517	19 
518	164 
519	55 
520	35 
521	97 
522	109 
523	101 
524	162 
525	29 
526	15 
527	218 
528	58 
529	1 
530	48 
531	152 
532	218 
533	194 
534	146 
535	28 
536	208 
537	34 
538	214 
539	27 
540	136 
541	151 
542	189 
543	84 
544	211 
545	8 
546	99 
547	49 
548	86 
549	206 
550	50 
551	127 
552	90 
553	120 
554	46 
555	173 
556	145 
557	214 
558	191 
559	42 
560	215 
561	126 
562	206 
563	207 
564	125 
565	145 
566	14 
567	215 
568	202 
569	164 
570	170 
571	131 
572	176 
573	181 
574	126 
575	203 
576	209 
577	176 
578	181 
579	168 
580	62 
581	114 
582	136 
583	150 
584	171 
585	40 
586	105 
587	168 
588	39 
589	109 
590	158 
591	99 
592	99 
593	13 
594	141 
595	209 
596	190 
597	217 
598	147 
599	96 
600	218 
601	40 
602	22 
603	78 
604	162 
605	151 
606	108 
607	27 
608	21 
609	20 
610	188 
611	92 
612	104 
613	141 
614	189 
615	164 
616	21 
617	25 
618	100 
619	45 
620	125 
621	97 
622	205 
623	50 
624	209 
625	100 
626	206 
627	164 
628	5 
629	115 
630	120 
631	20 
632	214 
633	105 
634	56 
635	186 
636	220 
637	137 
638	86 
639	40 
640	145 
641	17 
642	194 
643	72 
644	213 
645	34 
646	88 
647	209 
648	49 
649	222 
650	170 
651	102 
652	217 
653	72 
654	222 
655	82 
656	174 
657	29 
658	184 
659	164 
660	33 
661	222 
662	220 
663	58 
664	218 
665	193 
666	24 
667	167 
668	114 
669	169 
670	2 
671	40 
672	81 
673	90 
674	68 
675	131 
676	50 
677	114 
678	29 
679	196 
680	177 
681	191 
682	61 
683	189 
684	108 
685	61 
686	132 
687	157 
688	209 
689	7 
690	99 
691	124 
692	113 
693	202 
694	222 
695	68 
696	2 
697	62 
698	118 
699	218 
700	85 
701	213 
702	155 
703	91 
704	111 
705	13 
706	20 
707	70 
708	208 
709	62 
710	47 
711	122 
712	41 
713	150 
714	179 
715	132 
716	205 
717	136 
718	158 
719	221 
720	20 
721	164 
722	23 
723	99 
724	17 
725	1 
726	24 
727	72 
728	114 
729	104 
730	172 
731	180 
732	108 
733	114 
734	167 
735	62 
736	172 
737	137 
738	81 
739	115 
740	81 
741	68 
742	199 
743	34 
744	24 
745	175 
746	45 
747	75 
748	129 
749	106 
750	82 
751	66 
752	222 
753	181 
754	81 
755	78 
756	29 
757	79 
758	192 
759	108 
760	30 
761	78 
762	206 
763	10 
764	178 
765	149 
766	179 
767	81 
768	13 
769	27 
770	120 
771	20 
772	163 
773	48 
774	215 
775	58 
776	194 
777	68 
778	193 
779	175 
780	131 
781	76 
782	146 
783	32 
784	168 
785	108 
786	102 
787	27 
788	114 
789	205 
790	213 
791	191 
792	203 
793	202 
794	141 
795	136 
796	53 
797	64 
798	105 
799	194 
800	29 
801	53 
802	170 
803	196 
804	25 
805	97 
806	88 
807	51 
808	24 
809	46 
810	138 
811	167 
812	34 
813	167 
814	99 
815	40 
816	147 
817	121 
818	164 
819	176 
820	90 
821	46 
822	187 
823	219 
824	76 
825	41 
826	44 
827	69 
828	203 
829	141 
830	37 
831	221 
832	138 
833	20 
834	193 
835	165 
836	109 
837	179 
838	215 
839	144 
840	36 
841	40 
842	146 
843	108 
844	98 
845	216 
846	23 
847	101 
848	151 
849	160 
850	33 
851	149 
852	10 
853	149 
854	64 
855	10 
856	174 
857	195 
858	34 
859	131 
860	191 
861	187 
862	53 
863	65 
864	56 
865	14 
866	86 
867	58 
868	142 
869	28 
870	19 
871	186 
872	64 
873	105 
874	40 
875	10 
876	98 
877	149 
878	93 
879	151 
880	10 
881	40 
882	146 
883	58 
884	206 
885	99 
886	188 
887	176 
888	85 
889	101 
890	192 
891	126 
892	165 
893	34 
894	56 
895	102 
896	103 
897	100 
898	219 
899	210 
900	176 
901	148 
902	26 
903	136 
904	61 
905	33 
906	126 
907	176 
908	53 
909	186 
910	169 
911	124 
912	58 
913	136 
914	209 
915	203 
916	153 
917	115 
918	157 
919	145 
920	114 
921	25 
922	140 
923	27 
924	212 
925	157 
926	107 
927	98 
928	105 
929	56 
930	61 
931	62 
932	69 
933	119 
934	81 
935	194 
936	78 
937	26 
938	21 
939	114 
940	7 
941	2 
942	206 
943	131 
944	218 
945	93 
946	100 
947	40 
948	10 
949	86 
950	90 
951	13 
952	218 
953	186 
954	118 
955	157 
956	194 
957	22 
958	20 
959	149 
960	40 
961	62 
962	79 
963	92 
964	206 
965	40 
966	176 
967	218 
968	157 
969	81 
970	82 
971	105 
972	125 
973	150 
974	184 
975	81 
976	49 
977	133 
978	130 
979	49 
980	136 
981	87 
982	73 
983	162 
984	191 
985	13 
986	64 
987	76 
988	206 
989	1 
990	76 
991	13 
992	218 
993	142 
994	80 
995	156 
996	131 
997	181 
998	20 
999	47 
1000	108 
1001	113 
1002	191 
1003	122 
1004	114 
1005	125 
1006	134 
1007	97 
1008	119 
1009	68 
1010	75 
1011	97 
1012	40 
1013	175 
1014	10 
1015	37 
1016	64 
1017	174 
1018	106 
1019	58 
1020	176 
1021	84 
1022	28 
1023	51 
1024	81 
1025	134 
1026	45 
1027	75 
1028	177 
1029	87 
1030	123 
1031	165 
1032	38 
1033	50 
1034	96 
1035	158 
1036	10 
1037	44 
1038	118 
1039	46 
1040	209 
1041	143 
1042	99 
1043	25 
1044	33 
1045	13 
1046	3 
1047	61 
1048	213 
1049	9 
1050	152 
1051	136 
1052	21 
1053	126 
1054	102 
1055	30 
1056	213 
1057	102 
1058	164 
1059	121 
1060	59 
1061	218 
1062	187 
1063	219 
1064	105 
1065	47 
1066	185 
1067	17 
1068	102 
1069	202 
1070	82 
1071	175 
1072	218 
1073	131 
1074	71 
1075	214 
1076	115 
1077	72 
1078	24 
1079	196 
1080	113 
1081	53 
1082	18 
1083	156 
1084	123 
1085	95 
1086	81 
1087	57 
1088	27 
1089	190 
1090	104 
1091	186 
1092	206 
1093	176 
1094	81 
1095	99 
1096	48 
1097	86 
1098	116 
1099	217 
1100	10 
1101	202 
1102	146 
1103	90 
1104	58 
1105	125 
1106	108 
1107	179 
1108	103 
1109	87 
1110	115 
1111	215 
1112	58 
1113	136 
1114	176 
1115	81 
1116	217 
1117	27 
1118	113 
1119	163 
1120	176 
1121	150 
1122	175 
1123	137 
1124	209 
1125	87 
1126	204 
1127	161 
1128	115 
1129	218 
1130	99 
1131	147 
1132	189 
1133	169 
1134	104 
1135	203 
1136	99 
1137	142 
1138	97 
1139	159 
1140	113 
1141	90 
1142	201 
1143	6 
1144	103 
1145	10 
1146	145 
1147	167 
1148	24 
1149	201 
1150	69 
1151	146 
1152	108 
1153	60 
1154	211 
1155	203 
1156	217 
1157	13 
1158	56 
1159	151 
1160	49 
1161	158 
1162	138 
1163	29 
1164	175 
1165	203 
1166	41 
1167	68 
1168	140 
1169	175 
1170	114 
1171	179 
1172	164 
1173	81 
1174	2 
1175	58 
1176	129 
1177	173 
1178	202 
1179	52 
1180	141 
1181	217 
1182	114 
1183	24 
1184	214 
1185	125 
1186	98 
1187	167 
1188	101 
1189	108 
1190	203 
1191	121 
1192	187 
1193	141 
1194	140 
1195	168 
1196	83 
1197	38 
1198	2 
1199	68 
1200	136 
1201	58 
1202	54 
1203	43 
1204	38 
1205	173 
1206	65 
1207	152 
1208	91 
1209	214 
1210	114 
1211	164 
1212	203 
1213	131 
1214	210 
1215	159 
1216	10 
1217	20 
1218	36 
1219	2 
1220	78 
1221	141 
1222	105 
1223	29 
1224	209 
1225	74 
1226	98 
1227	110 
1228	105 
1229	14 
1230	120 
1231	158 
1232	218 
1233	72 
1234	64 
1235	23 
1236	157 
1237	58 
1238	91 
1239	38 
1240	133 
1241	124 
1242	146 
1243	4 
1244	34 
1245	28 
1246	13 
1247	165 
1248	135 
1249	168 
1250	115 
1251	124 
1252	102 
1253	175 
1254	36 
1255	125 
1256	71 
1257	49 
1258	149 
1259	64 
1260	78 
1261	90 
1262	133 
1263	100 
1264	145 
1265	109 
1266	188 
1267	82 
1268	131 
1269	20 
1270	146 
1271	102 
1272	29 
1273	15 
1274	3 
1275	198 
1276	64 
1277	209 
1278	206 
1279	94 
1280	134 
1281	158 
1282	1 
1283	195 
1284	65 
1285	27 
1286	149 
1287	141 
1288	2 
1289	206 
1290	90 
1291	138 
1292	93 
1293	68 
1294	20 
1295	92 
1296	192 
1297	182 
1298	68 
1299	38 
1300	3 
1301	160 
1302	156 
1303	82 
1304	90 
1305	54 
1306	84 
1307	1 
1308	38 
1309	37 
1310	182 
1311	2 
1312	153 
1313	129 
1314	125 
1315	47 
1316	191 
1317	136 
1318	81 
1319	20 
1320	136 
1321	6 
1322	213 
1323	98 
1324	29 
1325	24 
1326	141 
1327	150 
1328	158 
1329	203 
1330	76 
1331	51 
1332	202 
1333	222 
1334	40 
1335	116 
1336	204 
1337	176 
1338	73 
1339	55 
1340	114 
1341	167 
1342	8 
1343	205 
1344	2 
1345	30 
1346	21 
1347	27 
1348	63 
1349	158 
1350	48 
1351	57 
1352	198 
1353	184 
1354	57 
1355	97 
1356	98 
1357	78 
1358	146 
1359	156 
1360	209 
1361	23 
1362	105 
1363	157 
1364	126 
1365	158 
1366	123 
1367	205 
1368	124 
1369	108 
1370	41 
1371	108 
1372	155 
1373	137 
1374	131 
1375	68 
1376	153 
1377	130 
1378	158 
1379	173 
1380	84 
1381	198 
1382	61 
1383	13 
1384	147 
1385	218 
1386	83 
1387	125 
1388	25 
1389	45 
1390	20 
1391	212 
1392	70 
1393	203 
1394	18 
1395	124 
1396	203 
1397	13 
1398	10 
1399	133 
1400	146 
1401	40 
1402	27 
1403	27 
1404	8 
1405	217 
1406	151 
1407	218 
1408	27 
1409	99 
1410	26 
1411	209 
1412	213 
1413	45 
1414	88 
1415	33 
1416	85 
1417	48 
1418	37 
1419	83 
1420	69 
1421	221 
1422	190 
1423	117 
1424	81 
1425	62 
1426	98 
1427	1 
1428	157 
1429	183 
1430	205 
1431	28 
1432	133 
1433	190 
1434	39 
1435	172 
1436	135 
1437	191 
1438	62 
1439	90 
1440	102 
1441	146 
1442	133 
1443	213 
1444	189 
1445	190 
1446	213 
1447	190 
1448	97 
1449	97 
1450	136 
1451	146 
1452	25 
1453	164 
1454	81 
1455	136 
1456	174 
1457	28 
1458	133 
1459	82 
1460	164 
1461	125 
1462	66 
1463	91 
1464	1 
1465	79 
1466	216 
1467	126 
1468	222 
1469	174 
1470	209 
1471	175 
1472	108 
1473	2 
1474	98 
1475	43 
1476	97 
1477	95 
1478	40 
1479	206 
1480	209 
1481	172 
1482	78 
1483	111 
1484	31 
1485	105 
1486	213 
1487	102 
1488	158 
1489	11 
1490	84 
1491	90 
1492	92 
1493	205 
1494	78 
1495	13 
1496	45 
1497	172 
1498	126 
1499	158 
1500	136 
1501	68 
1502	184 
1503	126 
1504	81 
1505	157 
1506	100 
1507	120 
1508	110 
1509	213 
1510	57 
1511	140 
1512	125 
1513	151 
1514	176 
1515	64 
1516	120 
1517	1 
1518	32 
1519	103 
1520	213 
1521	92 
1522	29 
1523	108 
1524	133 
1525	111 
1526	167 
1527	207 
1528	84 
1529	198 
1530	203 
1531	120 
1532	164 
1533	62 
1534	196 
1535	46 
1536	26 
1537	55 
1538	25 
1539	126 
1540	16 
1541	146 
1542	10 
1543	83 
1544	114 
1545	37 
1546	36 
1547	206 
1548	81 
1549	13 
1550	164 
1551	194 
1552	40 
1553	202 
1554	154 
1555	126 
1556	37 
1557	27 
1558	154 
1559	20 
1560	143 
1561	221 
1562	100 
1563	1 
1564	34 
1565	131 
1566	193 
1567	2 
1568	62 
1569	77 
1570	213 
1571	203 
1572	27 
1573	201 
1574	34 
1575	99 
1576	68 
1577	185 
1578	64 
1579	81 
1580	72 
1581	99 
1582	10 
1583	84 
1584	35 
1585	6 
1586	10 
1587	37 
1588	13 
1589	27 
1590	155 
1591	81 
1592	134 
1593	32 
1594	202 
1595	132 
1596	213 
1597	120 
1598	175 
1599	53 
1600	40 
1601	185 
1602	113 
1603	146 
1604	78 
1605	2 
1606	102 
1607	78 
1608	75 
1609	100 
1610	124 
1611	120 
1612	37 
1613	92 
1614	78 
1615	178 
1616	151 
1617	137 
1618	27 
1619	186 
1620	151 
1621	92 
1622	201 
1623	136 
1624	105 
1625	164 
1626	189 
1627	64 
1628	48 
1629	13 
1630	171 
1631	203 
1632	74 
1633	92 
1634	217 
1635	179 
1636	147 
1637	217 
1638	47 
1639	34 
1640	40 
1641	58 
1642	20 
1643	124 
1644	2 
1645	8 
1646	101 
1647	100 
1648	193 
1649	189 
1650	136 
1651	98 
1652	34 
1653	34 
1654	141 
1655	191 
1656	161 
1657	176 
1658	151 
1659	206 
1660	158 
1661	98 
1662	141 
1663	27 
1664	174 
1665	209 
1666	212 
1667	174 
1668	34 
1669	41 
1670	32 
1671	37 
1672	123 
1673	124 
1674	34 
1675	210 
1676	178 
1677	90 
1678	178 
1679	60 
1680	92 
1681	151 
1682	34 
1683	96 
1684	146 
1685	62 
1686	1 
1687	220 
1688	120 
1689	64 
1690	13 
1691	151 
1692	64 
1693	205 
1694	180 
1695	169 
1696	151 
1697	145 
1698	103 
1699	99 
1700	156 
1701	61 
1702	175 
1703	18 
1704	92 
1705	49 
1706	161 
1707	114 
1708	115 
1709	21 
1710	30 
1711	127 
1712	10 
1713	24 
1714	90 
1715	58 
1716	151 
1717	120 
1718	84 
1719	136 
1720	158 
1721	48 
1722	121 
1723	218 
1724	210 
1725	61 
1726	183 
1727	218 
1728	100 
1729	10 
1730	158 
1731	114 
1732	107 
1733	99 
1734	58 
1735	132 
1736	173 
1737	108 
1738	6 
1739	62 
1740	62 
1741	68 
1742	218 
1743	72 
1744	176 
1745	141 
1746	114 
1747	5 
1748	120 
1749	191 
1750	214 
1751	25 
1752	8 
1753	83 
1754	131 
1755	158 
1756	168 
1757	60 
1758	1 
1759	70 
1760	158 
1761	142 
1762	222 
1763	217 
1764	58 
1765	2 
1766	116 
1767	88 
1768	103 
1769	218 
1770	171 
1771	114 
1772	136 
1773	45 
1774	15 
1775	37 
1776	125 
1777	20 
1778	146 
1779	37 
1780	122 
1781	80 
1782	204 
1783	78 
1784	181 
1785	141 
1786	66 
1787	31 
1788	163 
1789	202 
1790	115 
1791	117 
1792	14 
1793	89 
1794	81 
1795	176 
1796	58 
1797	175 
1798	109 
1799	199 
1800	222 
1801	87 
1802	105 
1803	114 
1804	64 
1805	99 
1806	219 
1807	70 
1808	138 
1809	40 
1810	217 
1811	56 
1812	149 
1813	90 
1814	218 
1815	163 
1816	203 
1817	118 
1818	64 
1819	99 
1820	205 
1821	158 
1822	37 
1823	138 
1824	134 
1825	2 
1826	62 
1827	211 
1828	9 
1829	19 
1830	147 
1831	20 
1832	72 
1833	166 
1834	53 
1835	142 
1836	42 
1837	114 
1838	178 
1839	29 
1840	136 
1841	152 
1842	217 
1843	73 
1844	98 
1845	169 
1846	82 
1847	131 
1848	70 
1849	78 
1850	146 
1851	131 
1852	222 
1853	146 
1854	51 
1855	42 
1856	126 
1857	120 
1858	209 
1859	20 
1860	203 
1861	167 
1862	20 
1863	146 
1864	167 
1865	130 
1866	209 
1867	108 
1868	157 
1869	67 
1870	146 
1871	137 
1872	164 
1873	162 
1874	197 
1875	187 
1876	30 
1877	29 
1878	32 
1879	99 
1880	115 
1881	167 
1882	202 
1883	37 
1884	178 
1885	177 
1886	186 
1887	181 
1888	75 
1889	110 
1890	165 
1891	90 
1892	45 
1893	91 
1894	90 
1895	146 
1896	150 
1897	149 
1898	138 
1899	102 
1900	115 
1901	163 
1902	162 
1903	78 
1904	136 
1905	90 
1906	1 
1907	86 
1908	222 
1909	138 
1910	167 
1911	45 
1912	20 
1913	214 
1914	175 
1915	68 
1916	131 
1917	136 
1918	181 
1919	92 
1920	176 
1921	195 
1922	176 
1923	100 
1924	149 
1925	189 
1926	73 
1927	37 
1928	125 
1929	64 
1930	137 
1931	150 
1932	48 
1933	203 
1934	124 
1935	158 
1936	41 
1937	24 
1938	112 
1939	4 
1940	68 
1941	126 
1942	174 
1943	218 
1944	202 
1945	25 
1946	222 
1947	128 
1948	58 
1949	140 
1950	24 
1951	203 
1952	222 
1953	86 
1954	129 
1955	13 
1956	113 
1957	27 
1958	212 
1959	141 
1960	169 
1961	86 
1962	100 
1963	92 
1964	89 
1965	81 
1966	68 
1967	19 
1968	98 
1969	163 
1970	40 
1971	141 
1972	13 
1973	151 
1974	210 
1975	98 
1976	115 
1977	116 
1978	131 
1979	218 
1980	37 
1981	206 
1982	136 
1983	118 
1984	211 
1985	164 
1986	10 
1987	178 
1988	138 
1989	41 
1990	122 
1991	192 
1992	32 
1993	140 
1994	20 
1995	34 
1996	33 
1997	51 
1998	20 
1999	120 
2000	151 
2001	218 
2002	123 
2003	104 
2004	87 
2005	167 
2006	132 
2007	107 
2008	124 
2009	88 
2010	209 
2011	159 
2012	105 
2013	8 
2014	159 
2015	120 
2016	136 
2017	135 
2018	1 
2019	13 
2020	138 
2021	13 
2022	148 
2023	210 
2024	63 
2025	105 
2026	58 
2027	129 
2028	176 
2029	174 
2030	45 
2031	98 
2032	33 
2033	84 
2034	62 
2035	187 
2036	124 
2037	58 
2038	146 
2039	114 
2040	13 
2041	88 
2042	98 
2043	88 
2044	61 
2045	179 
2046	98 
2047	176 
2048	83 
2049	38 
2050	131 
2051	157 
2052	96 
2053	54 
2054	153 
2055	214 
2056	82 
2057	67 
2058	24 
2059	201 
2060	125 
2061	120 
2062	13 
2063	37 
2064	129 
2065	108 
2066	53 
2067	146 
2068	37 
2069	47 
2070	164 
2071	158 
2072	61 
2073	40 
2074	81 
2075	209 
2076	15 
2077	6 
2078	209 
2079	202 
2080	122 
2081	86 
2082	97 
2083	185 
2084	20 
2085	61 
2086	42 
2087	115 
2088	214 
2089	32 
2090	64 
2091	217 
2092	132 
2093	213 
2094	117 
2095	58 
2096	146 
2097	137 
2098	183 
2099	46 
2100	128 
2101	10 
2102	157 
2103	5 
2104	150 
2105	7 
2106	187 
2107	145 
2108	178 
2109	133 
2110	58 
2111	114 
2112	151 
2113	222 
2114	213 
2115	214 
2116	180 
2117	45 
2118	27 
2119	160 
2120	161 
2121	15 
2122	118 
2123	71 
2124	158 
2125	27 
2126	203 
2127	157 
2128	138 
2129	151 
2130	155 
2131	141 
2132	35 
2133	131 
2134	18 
2135	136 
2136	78 
2137	175 
2138	136 
2139	108 
2140	214 
2141	17 
2142	20 
2143	78 
2144	20 
2145	5 
2146	206 
2147	83 
2148	215 
2149	152 
2150	28 
2151	174 
2152	68 
2153	31 
2154	202 
2155	63 
2156	199 
2157	146 
2158	103 
2159	79 
2160	64 
2161	27 
2162	34 
2163	17 
2164	115 
2165	6 
2166	58 
2167	133 
2168	217 
2169	24 
2170	1 
2171	21 
2172	214 
2173	62 
2174	126 
2175	27 
2176	102 
2177	151 
2178	107 
2179	27 
2180	35 
2181	192 
2182	109 
2183	75 
2184	179 
2185	202 
2186	77 
2187	120 
2188	217 
2189	35 
2190	192 
2191	83 
2192	186 
2193	128 
2194	186 
2195	51 
2196	124 
2197	176 
2198	108 
2199	28 
2200	49 
2201	176 
2202	115 
2203	7 
2204	202 
2205	68 
2206	26 
2207	98 
2208	34 
2209	78 
2210	150 
2211	17 
2212	88 
2213	78 
2214	201 
2215	64 
2216	25 
2217	209 
2218	117 
2219	2 
2220	2 
2221	40 
2222	207 
2223	22 
2224	13 
2225	88 
2226	113 
2227	134 
2228	203 
2229	61 
2230	179 
2231	55 
2232	10 
2233	118 
2234	1 
2235	159 
2236	179 
2237	150 
2238	206 
2239	213 
2240	81 
2241	149 
2242	188 
2243	146 
2244	68 
2245	13 
2246	103 
2247	93 
2248	110 
2249	64 
2250	114 
2251	162 
2252	126 
2253	81 
2254	5 
2255	114 
2256	119 
2257	197 
2258	108 
2259	216 
2260	159 
2261	20 
2262	97 
2263	40 
2264	120 
2265	3 
2266	115 
2267	161 
2268	222 
2269	48 
2270	98 
2271	113 
2272	151 
2273	214 
2274	149 
2275	205 
2276	106 
2277	21 
2278	142 
2279	1 
2280	131 
2281	206 
2282	11 
2283	86 
2284	214 
2285	36 
2286	88 
2287	222 
2288	182 
2289	176 
2290	53 
2291	213 
2292	80 
2293	20 
2294	220 
2295	145 
2296	24 
2297	97 
2298	186 
2299	13 
2300	111 
2301	110 
2302	213 
2303	95 
2304	210 
2305	71 
2306	113 
2307	105 
2308	4 
2309	81 
2310	201 
2311	176 
2312	101 
2313	152 
2314	81 
2315	78 
2316	217 
2317	164 
2318	7 
2319	20 
2320	206 
2321	64 
2322	51 
2323	186 
2324	107 
2325	61 
2326	21 
2327	174 
2328	165 
2329	25 
2330	134 
2331	147 
2332	141 
2333	198 
2334	177 
2335	97 
2336	68 
2337	206 
2338	92 
2339	101 
2340	118 
2341	1 
2342	29 
2343	150 
2344	131 
2345	96 
2346	202 
2347	96 
2348	92 
2349	1 
2350	155 
2351	20 
2352	98 
2353	29 
2354	22 
2355	215 
2356	118 
2357	34 
2358	164 
2359	205 
2360	20 
2361	141 
2362	73 
2363	68 
2364	118 
2365	201 
2366	94 
2367	122 
2368	90 
2369	99 
2370	57 
2371	81 
2372	13 
2373	9 
2374	217 
2375	28 
2376	178 
2377	116 
2378	125 
2379	213 
2380	46 
2381	150 
2382	105 
2383	10 
2384	31 
2385	2 
2386	20 
2387	151 
2388	132 
2389	34 
2390	191 
2391	13 
2392	27 
2393	53 
2394	105 
2395	195 
2396	164 
2397	216 
2398	190 
2399	203 
2400	219 
2401	26 
2402	126 
2403	93 
2404	200 
2405	93 
2406	195 
2407	118 
2408	178 
2409	37 
2410	16 
2411	81 
2412	58 
2413	6 
2414	198 
2415	13 
2416	53 
2417	158 
2418	157 
2419	106 
2420	184 
2421	7 
2422	7 
2423	15 
2424	92 
2425	92 
2426	214 
2427	158 
2428	214 
2429	191 
2430	17 
2431	152 
2432	35 
2433	138 
2434	118 
2435	145 
2436	30 
2437	136 
2438	10 
2439	40 
2440	214 
2441	72 
2442	162 
2443	177 
2444	51 
2445	218 
2446	99 
2447	118 
2448	81 
2449	68 
2450	217 
2451	140 
2452	99 
2453	78 
2454	25 
2455	85 
2456	49 
2457	117 
2458	39 
2459	40 
2460	161 
2461	15 
2462	152 
2463	205 
2464	33 
2465	65 
2466	25 
2467	24 
2468	120 
2469	68 
2470	175 
2471	212 
2472	150 
2473	214 
2474	202 
2475	118 
2476	169 
2477	124 
2478	163 
2479	11 
2480	41 
2481	52 
2482	102 
2483	34 
2484	136 
2485	80 
2486	67 
2487	20 
2488	99 
2489	51 
2490	114 
2491	13 
2492	179 
2493	40 
2494	108 
2495	21 
2496	162 
2497	146 
2498	23 
2499	38 
2500	217 
2501	80 
2502	99 
2503	40 
2504	157 
2505	13 
2506	205 
2507	20 
2508	29 
2509	49 
2510	78 
2511	10 
2512	20 
2513	115 
2514	99 
2515	40 
2516	92 
2517	49 
2518	92 
2519	66 
2520	19 
2521	158 
2522	84 
2523	176 
2524	27 
2525	99 
2526	20 
2527	12 
2528	38 
2529	8 
2530	202 
2531	58 
2532	164 
2533	206 
2534	158 
2535	114 
2536	100 
2537	215 
2538	21 
2539	186 
2540	28 
2541	218 
2542	212 
2543	222 
2544	215 
2545	214 
2546	125 
2547	127 
2548	218 
2549	90 
2550	13 
2551	138 
2552	81 
2553	169 
2554	193 
2555	175 
2556	86 
2557	175 
2558	34 
2559	175 
2560	203 
2561	99 
2562	141 
2563	17 
2564	174 
2565	27 
2566	81 
2567	65 
2568	62 
2569	197 
2570	111 
2571	114 
2572	99 
2573	146 
2574	174 
2575	90 
2576	150 
2577	194 
2578	206 
2579	151 
2580	150 
2581	209 
2582	203 
2583	73 
2584	21 
2585	81 
2586	209 
2587	69 
2588	21 
2589	33 
2590	126 
2591	179 
2592	24 
2593	58 
2594	222 
2595	158 
2596	60 
2597	175 
2598	21 
2599	150 
2600	164 
2601	140 
2602	45 
2603	73 
2604	67 
2605	136 
2606	171 
2607	125 
2608	187 
2609	78 
2610	84 
2611	71 
2612	140 
2613	222 
2614	149 
2615	17 
2616	162 
2617	2 
2618	201 
2619	45 
2620	25 
2621	114 
2622	27 
2623	209 
2624	81 
2625	128 
2626	175 
2627	2 
2628	96 
2629	136 
2630	63 
2631	93 
2632	145 
2633	64 
2634	81 
2635	63 
2636	10 
2637	105 
2638	49 
2639	20 
2640	176 
2641	78 
2642	222 
2643	58 
2644	34 
2645	143 
2646	205 
2647	164 
2648	134 
2649	20 
2650	114 
2651	136 
2652	216 
2653	125 
2654	34 
2655	215 
2656	64 
2657	175 
2658	65 
2659	98 
2660	69 
2661	135 
2662	85 
2663	217 
2664	14 
2665	146 
2666	202 
2667	42 
2668	98 
2669	123 
2670	79 
2671	2 
2672	21 
2673	64 
2674	7 
2675	218 
2676	175 
2677	203 
2678	1 
2679	136 
2680	134 
2681	162 
2682	124 
2683	7 
2684	65 
2685	64 
2686	78 
2687	63 
2688	2 
2689	152 
2690	133 
2691	161 
2692	210 
2693	78 
2694	176 
2695	222 
2696	126 
2697	105 
2698	63 
2699	56 
2700	78 
2701	205 
2702	124 
2703	202 
2704	137 
2705	203 
2706	205 
2707	6 
2708	146 
2709	44 
2710	203 
2711	221 
2712	120 
2713	27 
2714	210 
2715	17 
2716	78 
2717	61 
2718	120 
2719	68 
2720	127 
2721	146 
2722	124 
2723	72 
2724	123 
2725	190 
2726	78 
2727	68 
2728	37 
2729	175 
2730	92 
2731	20 
2732	105 
2733	194 
2734	126 
2735	9 
2736	98 
2737	141 
2738	86 
2739	206 
2740	78 
2741	119 
2742	40 
2743	191 
2744	186 
2745	201 
2746	108 
2747	134 
2748	159 
2749	176 
2750	40 
2751	176 
2752	17 
2753	27 
2754	203 
2755	222 
2756	96 
2757	77 
2758	118 
2759	191 
2760	145 
2761	27 
2762	1 
2763	120 
2764	197 
2765	185 
2766	158 
2767	91 
2768	10 
2769	152 
2770	161 
2771	120 
2772	38 
2773	64 
2774	213 
2775	118 
2776	186 
2777	24 
2778	113 
2779	203 
2780	62 
2781	131 
2782	215 
2783	159 
2784	19 
2785	180 
2786	15 
2787	45 
2788	141 
2789	191 
2790	146 
2791	178 
2792	25 
2793	188 
2794	27 
2795	193 
2796	38 
2797	86 
2798	215 
2799	197 
2800	154 
2801	152 
2802	202 
2803	48 
2804	171 
2805	145 
2806	62 
2807	2 
2808	90 
2809	73 
2810	200 
2811	214 
2812	203 
2813	80 
2814	38 
2815	101 
2816	150 
2817	160 
2818	183 
2819	29 
2820	40 
2821	210 
2822	213 
2823	176 
2824	78 
2825	78 
2826	136 
2827	42 
2828	135 
2829	219 
2830	127 
2831	191 
2832	176 
2833	146 
2834	45 
2835	127 
2836	102 
2837	175 
2838	131 
2839	8 
2840	62 
2841	126 
2842	150 
2843	103 
2844	166 
2845	160 
2846	205 
2847	114 
2848	64 
2849	34 
2850	153 
2851	157 
2852	118 
2853	118 
2854	58 
2855	172 
2856	92 
2857	1 
2858	15 
2859	78 
2860	162 
2861	198 
2862	209 
2863	210 
2864	126 
2865	187 
2866	185 
2867	6 
2868	189 
2869	63 
2870	209 
2871	68 
2872	142 
2873	171 
2874	4 
2875	53 
2876	5 
2877	2 
2878	215 
2879	125 
2880	175 
2881	93 
2882	213 
2883	20 
2884	10 
2885	134 
2886	78 
2887	159 
2888	211 
2889	33 
2890	93 
2891	2 
2892	102 
2893	53 
2894	144 
2895	44 
2896	24 
2897	37 
2898	42 
2899	55 
2900	119 
2901	125 
2902	8 
2903	109 
2904	81 
2905	206 
2906	71 
2907	124 
2908	98 
2909	24 
2910	85 
2911	13 
2912	126 
2913	97 
2914	83 
2915	183 
2916	5 
2917	176 
2918	29 
2919	201 
2920	158 
2921	81 
2922	10 
2923	25 
2924	176 
2925	179 
2926	1 
2927	49 
2928	58 
2929	10 
2930	123 
2931	132 
2932	20 
2933	136 
2934	138 
2935	106 
2936	131 
2937	214 
2938	138 
2939	192 
2940	151 
2941	90 
2942	72 
2943	5 
2944	53 
2945	161 
2946	162 
2947	161 
2948	190 
2949	144 
2950	146 
2951	23 
2952	152 
2953	142 
2954	68 
2955	13 
2956	81 
2957	222 
2958	203 
2959	136 
2960	145 
2961	103 
2962	8 
2963	32 
2964	49 
2965	168 
2966	98 
2967	63 
2968	49 
2969	196 
2970	203 
2971	80 
2972	9 
2973	164 
2974	129 
2975	136 
2976	94 
2977	1 
2978	24 
2979	81 
2980	153 
2981	142 
2982	192 
2983	99 
2984	58 
2985	1 
2986	102 
2987	176 
2988	92 
2989	151 
2990	81 
2991	92 
2992	203 
2993	98 
2994	207 
2995	222 
2996	58 
2997	137 
2998	87 
2999	23 
3000	136 
3001	175 
3002	151 
3003	138 
3004	163 
3005	141 
3006	37 
3007	104 
3008	13 
3009	192 
3010	2 
3011	164 
3012	98 
3013	203 
3014	113 
3015	68 
3016	10 
3017	136 
3018	99 
3019	198 
3020	13 
3021	211 
3022	93 
3023	6 
3024	62 
3025	68 
3026	175 
3027	99 
3028	2 
3029	102 
3030	126 
3031	46 
3032	100 
3033	170 
3034	122 
3035	68 
3036	43 
3037	33 
3038	53 
3039	131 
3040	37 
3041	186 
3042	16 
3043	150 
3044	26 
3045	12 
3046	17 
3047	114 
3048	176 
3049	164 
3050	48 
3051	176 
3052	125 
3053	115 
3054	189 
3055	147 
3056	214 
3057	148 
3058	186 
3059	141 
3060	5 
3061	146 
3062	27 
3063	149 
3064	68 
3065	146 
3066	33 
3067	54 
3068	82 
3069	38 
3070	151 
3071	54 
3072	37 
3073	24 
3074	29 
3075	111 
3076	170 
3077	189 
3078	146 
3079	30 
3080	89 
3081	24 
3082	206 
3083	139 
3084	194 
3085	133 
3086	156 
3087	14 
3088	64 
3089	98 
3090	49 
3091	18 
3092	125 
3093	21 
3094	167 
3095	202 
3096	206 
3097	222 
3098	118 
3099	31 
3100	194 
3101	176 
3102	21 
3103	123 
3104	99 
3105	90 
3106	136 
3107	165 
3108	24 
3109	188 
3110	173 
3111	58 
3112	29 
3113	158 
3114	62 
3115	27 
3116	1 
3117	175 
3118	125 
3119	27 
3120	186 
3121	202 
3122	162 
3123	171 
3124	203 
3125	2 
3126	176 
3127	68 
3128	68 
3129	87 
3130	64 
3131	99 
3132	206 
3133	6 
3134	125 
3135	194 
3136	113 
3137	159 
3138	49 
3139	114 
3140	8 
3141	203 
3142	199 
3143	169 
3144	178 
3145	175 
3146	92 
3147	192 
3148	80 
3149	68 
3150	141 
3151	133 
3152	140 
3153	164 
3154	24 
3155	71 
3156	102 
3157	121 
3158	193 
3159	13 
3160	207 
3161	2 
3162	162 
3163	201 
3164	217 
3165	208 
3166	150 
3167	176 
3168	46 
3169	64 
3170	157 
3171	167 
3172	137 
3173	99 
3174	20 
3175	82 
3176	97 
3177	115 
3178	58 
3179	59 
3180	118 
3181	164 
3182	41 
3183	131 
3184	179 
3185	158 
3186	10 
3187	2 
3188	157 
3189	186 
3190	167 
3191	118 
3192	130 
3193	218 
3194	214 
3195	40 
3196	150 
3197	64 
3198	20 
3199	58 
3200	164 
3201	152 
3202	98 
3203	47 
3204	181 
3205	125 
3206	10 
3207	76 
3208	125 
3209	7 
3210	146 
3211	161 
3212	131 
3213	208 
3214	51 
3215	138 
3216	166 
3217	120 
3218	136 
3219	106 
3220	211 
3221	152 
3222	91 
3223	15 
3224	182 
3225	25 
3226	209 
3227	152 
3228	167 
3229	112 
3230	151 
3231	162 
3232	151 
3233	109 
3234	174 
3235	147 
3236	81 
3237	31 
3238	27 
3239	82 
3240	92 
3241	14 
3242	213 
3243	34 
3244	118 
3245	10 
3246	152 
3247	58 
3248	125 
3249	105 
3250	68 
3251	100 
3252	205 
3253	187 
3254	14 
3255	122 
3256	107 
3257	65 
3258	176 
3259	87 
3260	54 
3261	28 
3262	29 
3263	24 
3264	150 
3265	125 
3266	96 
3267	209 
3268	217 
3269	84 
3270	12 
3271	49 
3272	11 
3273	114 
3274	58 
3275	159 
3276	214 
3277	145 
3278	175 
3279	138 
3280	58 
3281	109 
3282	216 
3283	186 
3284	145 
3285	136 
3286	20 
3287	2 
3288	165 
3289	124 
3290	58 
3291	34 
3292	74 
3293	186 
3294	149 
3295	29 
3296	101 
3297	164 
3298	62 
3299	203 
3300	163 
3301	164 
3302	34 
3303	68 
3304	111 
3305	57 
3306	25 
3307	78 
3308	41 
3309	73 
3310	71 
3311	124 
3312	141 
3313	87 
3314	98 
3315	151 
3316	20 
3317	52 
3318	64 
3319	61 
3320	68 
3321	105 
3322	217 
3323	192 
3324	13 
3325	34 
3326	131 
3327	133 
3328	99 
3329	17 
3330	17 
3331	99 
3332	40 
3333	125 
3334	105 
3335	40 
3336	126 
3337	214 
3338	131 
3339	12 
3340	134 
3341	90 
3342	222 
3343	62 
3344	165 
3345	170 
3346	7 
3347	222 
3348	119 
3349	142 
3350	203 
3351	171 
3352	209 
3353	112 
3354	214 
3355	31 
3356	202 
3357	199 
3358	179 
3359	222 
3360	112 
3361	98 
3362	123 
3363	31 
3364	164 
3365	46 
3366	97 
3367	142 
3368	92 
3369	1 
3370	119 
3371	78 
3372	47 
3373	213 
3374	217 
3375	68 
3376	126 
3377	100 
3378	64 
3379	198 
3380	175 
3381	137 
3382	154 
3383	97 
3384	68 
3385	89 
3386	64 
3387	95 
3388	210 
3389	138 
3390	6 
3391	114 
3392	165 
3393	151 
3394	146 
3395	41 
3396	14 
3397	108 
3398	114 
3399	87 
3400	149 
3401	100 
3402	107 
3403	43 
3404	71 
3405	67 
3406	151 
3407	158 
3408	177 
3409	214 
3410	10 
3411	12 
3412	208 
3413	25 
3414	67 
3415	40 
3416	158 
3417	49 
3418	25 
3419	21 
3420	72 
3421	95 
3422	202 
3423	63 
3424	146 
3425	133 
3426	124 
3427	120 
3428	24 
3429	61 
3430	161 
3431	87 
3432	57 
3433	191 
3434	166 
3435	151 
3436	216 
3437	112 
3438	135 
3439	203 
3440	174 
3441	87 
3442	79 
3443	164 
3444	62 
3445	15 
3446	71 
3447	136 
3448	24 
3449	114 
3450	168 
3451	25 
3452	109 
3453	64 
3454	88 
3455	34 
3456	10 
3457	200 
3458	182 
3459	142 
3460	13 
3461	99 
3462	189 
3463	28 
3464	126 
3465	37 
3466	125 
3467	29 
3468	100 
3469	90 
3470	38 
3471	138 
3472	13 
3473	149 
3474	45 
3475	138 
3476	180 
3477	62 
3478	11 
3479	90 
3480	2 
3481	40 
3482	217 
3483	42 
3484	155 
3485	139 
3486	72 
3487	157 
3488	18 
3489	49 
3490	157 
3491	20 
3492	92 
3493	192 
3494	167 
3495	198 
3496	10 
3497	209 
3498	64 
3499	165 
3500	205 
3501	13 
3502	8 
3503	4 
3504	58 
3505	10 
3506	133 
3507	10 
3508	145 
3509	175 
3510	27 
3511	215 
3512	136 
3513	92 
3514	77 
3515	112 
3516	49 
3517	148 
3518	6 
3519	6 
3520	10 
3521	98 
3522	139 
3523	105 
3524	13 
3525	222 
3526	98 
3527	186 
3528	69 
3529	62 
3530	118 
3531	125 
3532	13 
3533	13 
3534	164 
3535	214 
3536	68 
3537	49 
3538	87 
3539	136 
3540	214 
3541	138 
3542	2 
3543	152 
3544	124 
3545	41 
3546	144 
3547	74 
3548	166 
3549	138 
3550	53 
3551	194 
3552	68 
3553	194 
3554	213 
3555	168 
3556	15 
3557	55 
3558	123 
3559	138 
3560	214 
3561	151 
3562	206 
3563	132 
3564	56 
3565	78 
3566	2 
3567	116 
3568	191 
3569	17 
3570	131 
3571	33 
3572	65 
3573	69 
3574	129 
3575	8 
3576	218 
3577	157 
3578	57 
3579	72 
3580	75 
3581	3 
3582	167 
3583	176 
3584	92 
3585	58 
3586	176 
3587	8 
3588	210 
3589	123 
3590	100 
3591	136 
3592	119 
3593	130 
3594	24 
3595	83 
3596	214 
3597	121 
3598	2 
3599	10 
3600	31 
3601	126 
3602	187 
3603	1 
3604	86 
3605	108 
3606	37 
3607	5 
3608	78 
3609	118 
3610	149 
3611	10 
3612	53 
3613	13 
3614	61 
3615	63 
3616	151 
3617	8 
3618	98 
3619	189 
3620	47 
3621	202 
3622	136 
3623	95 
3624	143 
3625	114 
3626	24 
3627	6 
3628	49 
3629	108 
3630	159 
3631	134 
3632	13 
3633	68 
3634	175 
3635	37 
3636	207 
3637	163 
3638	34 
3639	90 
3640	185 
3641	119 
3642	40 
3643	136 
3644	25 
3645	201 
3646	198 
3647	123 
3648	107 
3649	209 
3650	212 
3651	48 
3652	213 
3653	175 
3654	86 
3655	215 
3656	175 
3657	136 
3658	182 
3659	124 
3660	200 
3661	173 
3662	143 
3663	125 
3664	27 
3665	37 
3666	176 
3667	68 
3668	2 
3669	176 
3670	143 
3671	43 
3672	136 
3673	44 
3674	105 
3675	75 
3676	131 
3677	2 
3678	141 
3679	86 
3680	37 
3681	162 
3682	27 
3683	187 
3684	33 
3685	49 
3686	152 
3687	38 
3688	87 
3689	45 
3690	213 
3691	124 
3692	129 
3693	217 
3694	214 
3695	83 
3696	209 
3697	97 
3698	86 
3699	182 
3700	222 
3701	58 
3702	64 
3703	118 
3704	126 
3705	217 
3706	60 
3707	177 
3708	84 
3709	140 
3710	24 
3711	27 
3712	210 
3713	136 
3714	76 
3715	1 
3716	174 
3717	20 
3718	191 
3719	112 
3720	125 
3721	194 
3722	61 
3723	194 
3724	10 
3725	2 
3726	101 
3727	126 
3728	210 
3729	41 
3730	29 
3731	151 
3732	45 
3733	209 
3734	98 
3735	153 
3736	24 
3737	182 
3738	32 
3739	186 
3740	187 
3741	125 
3742	180 
3743	81 
3744	113 
3745	213 
3746	150 
3747	159 
3748	214 
3749	21 
3750	178 
3751	37 
3752	57 
3753	182 
3754	145 
3755	41 
3756	110 
3757	62 
3758	141 
3759	152 
3760	124 
3761	202 
3762	86 
3763	118 
3764	27 
3765	13 
3766	2 
3767	132 
3768	206 
3769	87 
3770	167 
3771	217 
3772	194 
3773	170 
3774	189 
3775	209 
3776	39 
3777	158 
3778	1 
3779	11 
3780	164 
3781	10 
3782	146 
3783	207 
3784	186 
3785	64 
3786	82 
3787	89 
3788	113 
3789	92 
3790	189 
3791	75 
3792	192 
3793	162 
3794	74 
3795	163 
3796	6 
3797	92 
3798	136 
3799	87 
3800	215 
3801	98 
3802	144 
3803	151 
3804	132 
3805	42 
3806	1 
3807	75 
3808	92 
3809	98 
3810	40 
3811	202 
3812	78 
3813	222 
3814	213 
3815	57 
3816	149 
3817	125 
3818	193 
3819	8 
3820	33 
3821	78 
3822	33 
3823	13 
3824	159 
3825	163 
3826	24 
3827	63 
3828	68 
3829	24 
3830	125 
3831	138 
3832	20 
3833	34 
3834	118 
3835	33 
3836	154 
3837	133 
3838	192 
3839	99 
3840	203 
3841	167 
3842	13 
3843	40 
3844	190 
3845	183 
3846	164 
3847	57 
3848	145 
3849	131 
3850	9 
3851	27 
3852	102 
3853	174 
3854	39 
3855	145 
3856	217 
3857	108 
3858	129 
3859	105 
3860	176 
3861	162 
3862	64 
3863	6 
3864	62 
3865	216 
3866	25 
3867	88 
3868	77 
3869	1 
3870	205 
3871	151 
3872	58 
3873	111 
3874	120 
3875	4 
3876	154 
3877	10 
3878	122 
3879	98 
3880	10 
3881	168 
3882	22 
3883	146 
3884	158 
3885	87 
3886	46 
3887	179 
3888	118 
3889	40 
3890	206 
3891	2 
3892	150 
3893	87 
3894	203 
3895	208 
3896	162 
3897	75 
3898	222 
3899	121 
3900	92 
3901	15 
3902	11 
3903	141 
3904	91 
3905	159 
3906	206 
3907	136 
3908	151 
3909	49 
3910	102 
3911	217 
3912	141 
3913	102 
3914	90 
3915	57 
3916	194 
3917	193 
3918	147 
3919	114 
3920	158 
3921	85 
3922	25 
3923	139 
3924	118 
3925	120 
3926	33 
3927	162 
3928	100 
3929	81 
3930	141 
3931	138 
3932	24 
3933	100 
3934	37 
3935	18 
3936	13 
3937	20 
3938	27 
3939	121 
3940	114 
3941	6 
3942	146 
3943	42 
3944	202 
3945	213 
3946	2 
3947	215 
3948	206 
3949	1 
3950	202 
3951	199 
3952	166 
3953	108 
3954	175 
3955	114 
3956	90 
3957	63 
3958	218 
3959	52 
3960	204 
3961	203 
3962	202 
3963	64 
3964	152 
3965	1 
3966	209 
3967	179 
3968	203 
3969	152 
3970	75 
3971	2 
3972	21 
3973	206 
3974	101 
3975	114 
3976	56 
3977	58 
3978	131 
3979	61 
3980	189 
3981	13 
3982	35 
3983	161 
3984	213 
3985	118 
3986	105 
3987	145 
3988	90 
3989	10 
3990	146 
3991	99 
3992	34 
3993	22 
3994	159 
3995	194 
3996	137 
3997	49 
3998	198 
3999	38 
4000	102 
4001	209 
4002	108 
4003	21 
4004	102 
4005	131 
4006	215 
4007	28 
4008	118 
4009	191 
4010	125 
4011	114 
4012	210 
4013	205 
4014	8 
4015	38 
4016	100 
4017	205 
4018	118 
4019	6 
4020	203 
4021	178 
4022	68 
4023	43 
4024	58 
4025	29 
4026	84 
4027	58 
4028	194 
4029	188 
4030	182 
4031	96 
4032	222 
4033	22 
4034	157 
4035	86 
4036	180 
4037	52 
4038	167 
4039	151 
4040	151 
4041	55 
4042	25 
4043	13 
4044	116 
4045	175 
4046	205 
4047	25 
4048	212 
4049	49 
4050	6 
4051	149 
4052	148 
4053	133 
4054	90 
4055	124 
4056	100 
4057	131 
4058	157 
4059	158 
4060	148 
4061	218 
4062	82 
4063	137 
4064	208 
4065	2 
4066	120 
4067	131 
4068	176 
4069	165 
4070	217 
4071	122 
4072	48 
4073	66 
4074	146 
4075	152 
4076	199 
4077	5 
4078	9 
4079	64 
4080	10 
4081	20 
4082	45 
4083	58 
4084	67 
4085	202 
4086	78 
4087	103 
4088	84 
4089	167 
4090	46 
4091	85 
4092	100 
4093	86 
4094	133 
4095	202 
4096	151 
4097	81 
4098	207 
4099	96 
4100	167 
4101	115 
4102	166 
4103	16 
4104	62 
4105	151 
4106	146 
4107	144 
4108	145 
4109	180 
4110	195 
4111	30 
4112	49 
4113	24 
4114	103 
4115	5 
4116	105 
4117	62 
4118	120 
4119	134 
4120	218 
4121	217 
4122	49 
4123	45 
4124	10 
4125	105 
4126	215 
4127	68 
4128	7 
4129	152 
4130	205 
4131	158 
4132	152 
4133	27 
4134	145 
4135	218 
4136	118 
4137	38 
4138	150 
4139	24 
4140	86 
4141	100 
4142	20 
4143	194 
4144	210 
4145	56 
4146	21 
4147	78 
4148	133 
4149	62 
4150	214 
4151	138 
4152	209 
4153	132 
4154	164 
4155	205 
4156	125 
4157	62 
4158	191 
4159	78 
4160	93 
4161	130 
4162	136 
4163	182 
4164	190 
4165	34 
4166	15 
4167	150 
4168	25 
4169	146 
4170	152 
4171	80 
4172	215 
4173	20 
4174	203 
4175	27 
4176	34 
4177	151 
4178	23 
4179	25 
4180	20 
4181	126 
4182	24 
4183	109 
4184	166 
4185	26 
4186	78 
4187	215 
4188	64 
4189	43 
4190	115 
4191	109 
4192	175 
4193	120 
4194	136 
4195	98 
4196	31 
4197	167 
4198	192 
4199	98 
4200	145 
4201	40 
4202	40 
4203	63 
4204	86 
4205	16 
4206	129 
4207	158 
4208	30 
4209	197 
4210	33 
4211	176 
4212	48 
4213	222 
4214	164 
4215	37 
4216	102 
4217	86 
4218	76 
4219	77 
4220	194 
4221	210 
4222	131 
4223	160 
4224	150 
4225	102 
4226	167 
4227	54 
4228	101 
4229	99 
4230	146 
4231	176 
4232	139 
4233	138 
4234	21 
4235	27 
4236	209 
4237	150 
4238	10 
4239	146 
4240	68 
4241	145 
4242	176 
4243	133 
4244	64 
4245	158 
4246	145 
4247	164 
4248	53 
4249	179 
4250	16 
4251	185 
4252	151 
4253	107 
4254	34 
4255	182 
4256	87 
4257	124 
4258	159 
4259	198 
4260	90 
4261	108 
4262	118 
4263	175 
4264	62 
4265	83 
4266	191 
4267	161 
4268	107 
4269	151 
4270	29 
4271	52 
4272	78 
4273	131 
4274	109 
4275	49 
4276	64 
4277	142 
4278	149 
4279	45 
4280	72 
4281	218 
4282	78 
4283	146 
4284	24 
4285	97 
4286	41 
4287	24 
4288	27 
4289	41 
4290	206 
4291	92 
4292	90 
4293	88 
4294	27 
4295	22 
4296	198 
4297	43 
4298	98 
4299	149 
4300	214 
4301	222 
4302	49 
4303	25 
4304	216 
4305	149 
4306	107 
4307	83 
4308	90 
4309	209 
4310	203 
4311	175 
4312	133 
4313	48 
4314	97 
4315	64 
4316	60 
4317	103 
4318	126 
4319	143 
4320	214 
4321	24 
4322	37 
4323	105 
4324	136 
4325	114 
4326	90 
4327	32 
4328	51 
4329	21 
4330	146 
4331	189 
4332	176 
4333	2 
4334	139 
4335	134 
4336	129 
4337	13 
4338	191 
4339	146 
4340	102 
4341	208 
4342	135 
4343	78 
4344	157 
4345	203 
4346	37 
4347	20 
4348	25 
4349	216 
4350	21 
4351	205 
4352	13 
4353	56 
4354	179 
4355	131 
4356	11 
4357	114 
4358	167 
4359	37 
4360	12 
4361	41 
4362	164 
4363	141 
4364	105 
4365	40 
4366	206 
4367	218 
4368	162 
4369	131 
4370	197 
4371	174 
4372	164 
4373	7 
4374	165 
4375	206 
4376	222 
4377	10 
4378	222 
4379	137 
4380	90 
4381	40 
4382	194 
4383	1 
4384	61 
4385	63 
4386	150 
4387	157 
4388	174 
4389	61 
4390	92 
4391	186 
4392	51 
4393	13 
4394	58 
4395	107 
4396	20 
4397	39 
4398	20 
4399	168 
4400	24 
4401	157 
4402	61 
4403	166 
4404	53 
4405	131 
4406	20 
4407	98 
4408	4 
4409	108 
4410	200 
4411	56 
4412	142 
4413	58 
4414	126 
4415	141 
4416	202 
4417	124 
4418	176 
4419	97 
4420	47 
4421	161 
4422	198 
4423	176 
4424	206 
4425	25 
4426	2 
4427	100 
4428	62 
4429	2 
4430	96 
4431	64 
4432	53 
4433	209 
4434	13 
4435	78 
4436	42 
4437	206 
4438	24 
4439	49 
4440	149 
4441	122 
4442	191 
4443	59 
4444	20 
4445	205 
4446	162 
4447	99 
4448	55 
4449	101 
4450	146 
4451	164 
4452	218 
4453	18 
4454	10 
4455	16 
4456	20 
4457	13 
4458	110 
4459	64 
4460	167 
4461	108 
4462	77 
4463	126 
4464	112 
4465	68 
4466	64 
4467	176 
4468	41 
4469	191 
4470	83 
4471	93 
4472	176 
4473	173 
4474	152 
4475	203 
4476	129 
4477	204 
4478	98 
4479	161 
4480	96 
4481	98 
4482	186 
4483	164 
4484	78 
4485	163 
4486	120 
4487	180 
4488	180 
4489	1 
4490	1 
4491	213 
4492	99 
4493	220 
4494	1 
4495	209 
4496	192 
4497	22 
4498	99 
4499	1 
4500	164 
4501	154 
4502	120 
4503	141 
4504	63 
4505	203 
4506	10 
4507	96 
4508	59 
4509	113 
4510	89 
4511	204 
4512	120 
4513	205 
4514	131 
4515	99 
4516	15 
4517	182 
4518	206 
4519	182 
4520	173 
4521	41 
4522	110 
4523	149 
4524	167 
4525	13 
4526	86 
4527	217 
4528	57 
4529	67 
4530	120 
4531	160 
4532	176 
4533	164 
4534	175 
4535	27 
4536	154 
4537	1 
4538	202 
4539	102 
4540	206 
4541	84 
4542	146 
4543	81 
4544	25 
4545	120 
4546	149 
4547	82 
4548	42 
4549	90 
4550	152 
4551	209 
4552	68 
4553	146 
4554	64 
4555	27 
4556	61 
4557	34 
4558	24 
4559	84 
4560	92 
4561	179 
4562	114 
4563	92 
4564	98 
4565	195 
4566	131 
4567	154 
4568	218 
4569	123 
4570	139 
4571	146 
4572	209 
4573	20 
4574	136 
4575	28 
4576	34 
4577	178 
4578	158 
4579	158 
4580	13 
4581	2 
4582	113 
4583	58 
4584	202 
4585	88 
4586	150 
4587	41 
4588	177 
4589	17 
4590	162 
4591	144 
4592	126 
4593	214 
4594	218 
4595	1 
4596	113 
4597	218 
4598	176 
4599	25 
4600	81 
4601	189 
4602	86 
4603	38 
4604	111 
4605	136 
4606	151 
4607	124 
4608	105 
4609	62 
4610	175 
4611	217 
4612	66 
4613	81 
4614	218 
4615	29 
4616	78 
4617	62 
4618	148 
4619	129 
4620	214 
4621	17 
4622	76 
4623	202 
4624	47 
4625	40 
4626	188 
4627	158 
4628	1 
4629	215 
4630	120 
4631	207 
4632	45 
4633	69 
4634	210 
4635	135 
4636	64 
4637	213 
4638	154 
4639	126 
4640	81 
4641	42 
4642	40 
4643	125 
4644	25 
4645	32 
4646	167 
4647	83 
4648	115 
4649	141 
4650	115 
4651	152 
4652	129 
4653	83 
4654	78 
4655	141 
4656	48 
4657	17 
4658	203 
4659	47 
4660	27 
4661	90 
4662	115 
4663	154 
4664	83 
4665	45 
4666	198 
4667	206 
4668	186 
4669	64 
4670	222 
4671	136 
4672	132 
4673	16 
4674	98 
4675	61 
4676	186 
4677	80 
4678	200 
4679	8 
4680	94 
4681	220 
4682	162 
4683	205 
4684	119 
4685	194 
4686	34 
4687	163 
4688	165 
4689	192 
4690	175 
4691	207 
4692	206 
4693	222 
4694	108 
4695	187 
4696	132 
4697	96 
4698	139 
4699	136 
4700	202 
4701	188 
4702	34 
4703	174 
4704	138 
4705	186 
4706	92 
4707	29 
4708	100 
4709	27 
4710	151 
4711	202 
4712	27 
4713	145 
4714	186 
4715	153 
4716	164 
4717	180 
4718	77 
4719	151 
4720	124 
4721	167 
4722	191 
4723	23 
4724	214 
4725	98 
4726	83 
4727	57 
4728	44 
4729	78 
4730	58 
4731	203 
4732	27 
4733	137 
4734	138 
4735	92 
4736	10 
4737	209 
4738	130 
4739	106 
4740	17 
4741	108 
4742	209 
4743	13 
4744	56 
4745	118 
4746	162 
4747	174 
4748	139 
4749	68 
4750	20 
4751	105 
4752	72 
4753	81 
4754	131 
4755	115 
4756	68 
4757	136 
4758	167 
4759	20 
4760	66 
4761	222 
4762	163 
4763	99 
4764	1 
4765	206 
4766	217 
4767	32 
4768	68 
4769	8 
4770	136 
4771	13 
4772	169 
4773	133 
4774	175 
4775	181 
4776	124 
4777	111 
4778	98 
4779	105 
4780	142 
4781	157 
4782	81 
4783	114 
4784	25 
4785	96 
4786	45 
4787	98 
4788	142 
4789	175 
4790	56 
4791	169 
4792	157 
4793	2 
4794	215 
4795	10 
4796	10 
4797	13 
4798	129 
4799	217 
4800	135 
4801	164 
4802	215 
4803	78 
4804	213 
4805	6 
4806	30 
4807	35 
4808	111 
4809	1 
4810	83 
4811	167 
4812	78 
4813	214 
4814	213 
4815	9 
4816	82 
4817	140 
4818	115 
4819	152 
4820	35 
4821	98 
4822	58 
4823	138 
4824	21 
4825	11 
4826	130 
4827	186 
4828	215 
4829	150 
4830	222 
4831	174 
4832	150 
4833	143 
4834	149 
4835	148 
4836	68 
4837	212 
4838	158 
4839	96 
4840	21 
4841	174 
4842	202 
4843	218 
4844	205 
4845	59 
4846	78 
4847	30 
4848	42 
4849	178 
4850	89 
4851	62 
4852	49 
4853	202 
4854	152 
4855	90 
4856	206 
4857	58 
4858	73 
4859	136 
4860	150 
4861	220 
4862	161 
4863	136 
4864	161 
4865	27 
4866	194 
4867	98 
4868	115 
4869	78 
4870	39 
4871	151 
4872	213 
4873	49 
4874	10 
4875	49 
4876	133 
4877	114 
4878	220 
4879	204 
4880	66 
4881	191 
4882	24 
4883	167 
4884	62 
4885	86 
4886	149 
4887	126 
4888	157 
4889	58 
4890	53 
4891	8 
4892	63 
4893	158 
4894	103 
4895	164 
4896	163 
4897	135 
4898	209 
4899	206 
4900	163 
4901	78 
4902	27 
4903	186 
4904	164 
4905	176 
4906	99 
4907	41 
4908	125 
4909	157 
4910	98 
4911	141 
4912	59 
4913	218 
4914	186 
4915	147 
4916	97 
4917	68 
4918	162 
4919	114 
4920	72 
4921	123 
4922	110 
4923	76 
4924	13 
4925	199 
4926	82 
4927	59 
4928	149 
4929	87 
4930	58 
4931	97 
4932	194 
4933	24 
4934	166 
4935	144 
4936	93 
4937	184 
4938	27 
4939	145 
4940	129 
4941	37 
4942	83 
4943	136 
4944	103 
4945	205 
4946	1 
4947	94 
4948	146 
4949	184 
4950	20 
4951	191 
4952	174 
4953	213 
4954	220 
4955	31 
4956	203 
4957	118 
4958	151 
4959	64 
4960	213 
4961	151 
4962	150 
4963	2 
4964	163 
4965	218 
4966	218 
4967	102 
4968	205 
4969	207 
4970	43 
4971	149 
4972	93 
4973	82 
4974	38 
4975	27 
4976	90 
4977	132 
4978	13 
4979	206 
4980	150 
4981	174 
4982	137 
4983	24 
4984	149 
4985	102 
4986	83 
4987	150 
4988	99 
4989	149 
4990	136 
4991	114 
4992	209 
4993	27 
4994	8 
4995	99 
4996	58 
4997	145 
4998	1 
4999	37 
5000	72 
5001	100 
5002	209 
5003	206 
5004	7 
5005	163 
5006	60 
5007	61 
5008	90 
5009	162 
5010	167 
5011	99 
5012	189 
5013	101 
5014	68 
5015	138 
5016	7 
5017	24 
5018	178 
5019	209 
5020	146 
5021	40 
5022	164 
5023	173 
5024	97 
5025	209 
5026	171 
5027	1 
5028	123 
5029	64 
5030	83 
5031	25 
5032	175 
5033	29 
5034	24 
5035	17 
5036	157 
5037	131 
5038	85 
5039	40 
5040	157 
5041	136 
5042	90 
5043	138 
5044	6 
5045	138 
5046	64 
5047	150 
5048	205 
5049	152 
5050	102 
5051	54 
5052	118 
5053	40 
5054	138 
5055	86 
5056	215 
5057	20 
5058	203 
5059	206 
5060	49 
5061	62 
5062	32 
5063	150 
5064	29 
5065	152 
5066	58 
5067	82 
5068	81 
5069	199 
5070	24 
5071	13 
5072	150 
5073	155 
5074	206 
5075	13 
5076	13 
5077	157 
5078	81 
5079	88 
5080	21 
5081	209 
5082	88 
5083	174 
5084	2 
5085	34 
5086	138 
5087	215 
5088	205 
5089	23 
5090	157 
5091	44 
5092	109 
5093	144 
5094	165 
5095	86 
5096	92 
5097	151 
5098	85 
5099	96 
5100	34 
5101	109 
5102	112 
5103	125 
5104	138 
5105	1 
5106	81 
5107	217 
5108	49 
5109	120 
5110	64 
5111	67 
5112	2 
5113	10 
5114	55 
5115	152 
5116	203 
5117	23 
5118	42 
5119	140 
5120	81 
5121	37 
5122	64 
5123	215 
5124	115 
5125	41 
5126	162 
5127	34 
5128	105 
5129	58 
5130	43 
5131	149 
5132	123 
5133	141 
5134	203 
5135	97 
5136	20 
5137	99 
5138	165 
5139	123 
5140	64 
5141	220 
5142	186 
5143	206 
5144	52 
5145	210 
5146	34 
5147	108 
5148	158 
5149	94 
5150	1 
5151	129 
5152	206 
5153	125 
5154	126 
5155	25 
5156	222 
5157	88 
5158	46 
5159	47 
5160	164 
5161	90 
5162	150 
5163	214 
5164	45 
5165	138 
5166	199 
5167	118 
5168	58 
5169	1 
5170	3 
5171	107 
5172	78 
5173	62 
5174	27 
5175	119 
5176	13 
5177	176 
5178	171 
5179	209 
5180	68 
5181	75 
5182	134 
5183	124 
5184	94 
5185	163 
5186	74 
5187	84 
5188	100 
5189	97 
5190	217 
5191	187 
5192	62 
5193	149 
5194	21 
5195	90 
5196	49 
5197	40 
5198	137 
5199	10 
5200	215 
5201	161 
5202	25 
5203	61 
5204	204 
5205	175 
5206	176 
5207	193 
5208	68 
5209	64 
5210	210 
5211	162 
5212	41 
5213	131 
5214	167 
5215	34 
5216	61 
5217	51 
5218	2 
5219	86 
5220	57 
5221	152 
5222	191 
5223	78 
5224	201 
5225	60 
5226	182 
5227	136 
5228	1 
5229	109 
5230	61 
5231	209 
5232	107 
5233	203 
5234	99 
5235	111 
5236	178 
5237	27 
5238	141 
5239	167 
5240	98 
5241	140 
5242	5 
5243	175 
5244	105 
5245	34 
5246	152 
5247	149 
5248	186 
5249	53 
5250	129 
5251	57 
5252	126 
5253	54 
5254	203 
5255	125 
5256	174 
5257	209 
5258	131 
5259	203 
5260	10 
5261	141 
5262	179 
5263	82 
5264	222 
5265	42 
5266	214 
5267	215 
5268	142 
5269	10 
5270	97 
5271	35 
5272	99 
5273	124 
5274	213 
5275	202 
5276	201 
5277	27 
5278	25 
5279	186 
5280	136 
5281	207 
5282	53 
5283	112 
5284	158 
5285	162 
5286	175 
5287	174 
5288	198 
5289	185 
5290	64 
5291	99 
5292	214 
5293	222 
5294	90 
5295	94 
5296	214 
5297	158 
5298	124 
5299	34 
5300	155 
5301	21 
5302	91 
5303	217 
5304	68 
5305	58 
5306	41 
5307	162 
5308	209 
5309	85 
5310	214 
5311	125 
5312	25 
5313	78 
5314	68 
5315	213 
5316	56 
5317	42 
5318	61 
5319	158 
5320	33 
5321	27 
5322	200 
5323	205 
5324	136 
5325	58 
5326	83 
5327	42 
5328	25 
5329	138 
5330	133 
5331	64 
5332	146 
5333	42 
5334	13 
5335	27 
5336	173 
5337	63 
5338	151 
5339	37 
5340	118 
5341	72 
5342	81 
5343	115 
5344	206 
5345	43 
5346	87 
5347	34 
5348	62 
5349	2 
5350	26 
5351	161 
5352	125 
5353	58 
5354	164 
5355	7 
5356	24 
5357	64 
5358	217 
5359	162 
5360	114 
5361	203 
5362	118 
5363	47 
5364	218 
5365	137 
5366	133 
5367	120 
5368	87 
5369	157 
5370	90 
5371	37 
5372	92 
5373	34 
5374	149 
5375	181 
5376	114 
5377	134 
5378	87 
5379	191 
5380	212 
5381	209 
5382	29 
5383	215 
5384	41 
5385	2 
5386	151 
5387	20 
5388	61 
5389	137 
5390	39 
5391	103 
5392	109 
5393	20 
5394	105 
5395	109 
5396	162 
5397	174 
5398	34 
5399	123 
5400	131 
5401	38 
5402	15 
5403	96 
5404	132 
5405	78 
5406	176 
5407	141 
5408	45 
5409	24 
5410	136 
5411	133 
5412	184 
5413	191 
5414	124 
5415	48 
5416	30 
5417	96 
5418	176 
5419	151 
5420	141 
5421	151 
5422	202 
5423	146 
5424	114 
5425	61 
5426	111 
5427	149 
5428	136 
5429	122 
5430	97 
5431	217 
5432	34 
5433	108 
5434	149 
5435	34 
5436	215 
5437	165 
5438	25 
5439	20 
5440	22 
5441	215 
5442	108 
5443	2 
5444	194 
5445	158 
5446	64 
5447	137 
5448	98 
5449	147 
5450	124 
5451	5 
5452	189 
5453	42 
5454	115 
5455	25 
5456	108 
5457	181 
5458	124 
5459	111 
5460	209 
5461	209 
5462	25 
5463	176 
5464	92 
5465	141 
5466	26 
5467	80 
5468	78 
5469	209 
5470	96 
5471	120 
5472	10 
5473	81 
5474	43 
5475	203 
5476	49 
5477	32 
5478	222 
5479	191 
5480	13 
5481	10 
5482	164 
5483	202 
5484	29 
5485	209 
5486	1 
5487	83 
5488	222 
5489	120 
5490	131 
5491	2 
5492	7 
5493	115 
5494	169 
5495	10 
5496	164 
5497	206 
5498	198 
5499	64 
5500	124 
5501	126 
5502	88 
5503	205 
5504	180 
5505	1 
5506	205 
5507	111 
5508	1 
5509	68 
5510	166 
5511	136 
5512	58 
5513	161 
5514	21 
5515	175 
5516	21 
5517	113 
5518	75 
5519	18 
5520	204 
5521	141 
5522	126 
5523	37 
5524	222 
5525	17 
5526	161 
5527	180 
5528	40 
5529	43 
5530	187 
5531	130 
5532	125 
5533	10 
5534	157 
5535	100 
5536	176 
5537	151 
5538	178 
5539	157 
5540	64 
5541	68 
5542	103 
5543	215 
5544	27 
5545	81 
5546	205 
5547	181 
5548	113 
5549	1 
5550	199 
5551	180 
5552	118 
5553	123 
5554	65 
5555	103 
5556	213 
5557	175 
5558	113 
5559	68 
5560	126 
5561	215 
5562	1 
5563	189 
5564	165 
5565	164 
5566	35 
5567	76 
5568	123 
5569	29 
5570	203 
5571	31 
5572	133 
5573	123 
5574	25 
5575	10 
5576	136 
5577	49 
5578	186 
5579	217 
5580	114 
5581	124 
5582	15 
5583	151 
5584	20 
5585	2 
5586	175 
5587	90 
5588	158 
5589	146 
5590	143 
5591	27 
5592	187 
5593	43 
5594	13 
5595	205 
5596	176 
5597	209 
5598	31 
5599	141 
5600	20 
5601	114 
5602	24 
5603	158 
5604	61 
5605	155 
5606	91 
5607	49 
5608	61 
5609	195 
5610	41 
5611	66 
5612	125 
5613	149 
5614	215 
5615	145 
5616	40 
5617	209 
5618	1 
5619	98 
5620	176 
5621	49 
5622	74 
5623	49 
5624	132 
5625	166 
5626	164 
5627	209 
5628	111 
5629	186 
5630	205 
5631	118 
5632	29 
5633	134 
5634	52 
5635	133 
5636	175 
5637	1 
5638	12 
5639	25 
5640	71 
5641	167 
5642	75 
5643	7 
5644	8 
5645	57 
5646	15 
5647	21 
5648	86 
5649	37 
5650	164 
5651	192 
5652	159 
5653	92 
5654	218 
5655	152 
5656	2 
5657	198 
5658	125 
5659	222 
5660	147 
5661	91 
5662	64 
5663	210 
5664	81 
5665	13 
5666	48 
5667	99 
5668	32 
5669	175 
5670	209 
5671	132 
5672	164 
5673	78 
5674	206 
5675	191 
5676	141 
5677	27 
5678	34 
5679	24 
5680	220 
5681	141 
5682	82 
5683	151 
5684	105 
5685	6 
5686	15 
5687	41 
5688	113 
5689	24 
5690	69 
5691	124 
5692	140 
5693	191 
5694	25 
5695	139 
5696	38 
5697	218 
5698	62 
5699	20 
5700	132 
5701	203 
5702	78 
5703	20 
5704	179 
5705	13 
5706	120 
5707	40 
5708	174 
5709	2 
5710	109 
5711	34 
5712	90 
5713	88 
5714	120 
5715	1 
5716	48 
5717	27 
5718	45 
5719	5 
5720	190 
5721	206 
5722	52 
5723	84 
5724	6 
5725	187 
5726	209 
5727	20 
5728	188 
5729	42 
5730	222 
5731	202 
5732	68 
5733	150 
5734	136 
5735	37 
5736	214 
5737	141 
5738	125 
5739	210 
5740	25 
5741	56 
5742	136 
5743	175 
5744	141 
5745	209 
5746	34 
5747	189 
5748	175 
5749	20 
5750	209 
5751	154 
5752	56 
5753	54 
5754	87 
5755	192 
5756	57 
5757	133 
5758	108 
5759	88 
5760	126 
5761	120 
5762	133 
5763	164 
5764	217 
5765	158 
5766	213 
5767	119 
5768	65 
5769	168 
5770	203 
5771	33 
5772	98 
5773	217 
5774	137 
5775	182 
5776	217 
5777	62 
5778	98 
5779	20 
5780	63 
5781	24 
5782	108 
5783	204 
5784	114 
5785	58 
5786	94 
5787	192 
5788	101 
5789	98 
5790	141 
5791	68 
5792	103 
5793	78 
5794	147 
5795	75 
5796	205 
5797	41 
5798	218 
5799	82 
5800	20 
5801	131 
5802	188 
5803	218 
5804	1 
5805	131 
5806	27 
5807	214 
5808	141 
5809	42 
5810	163 
5811	52 
5812	150 
5813	214 
5814	194 
5815	33 
5816	131 
5817	161 
5818	5 
5819	132 
5820	57 
5821	178 
5822	152 
5823	151 
5824	2 
5825	146 
5826	111 
5827	58 
5828	88 
5829	69 
5830	126 
5831	198 
5832	152 
5833	134 
5834	175 
5835	2 
5836	217 
5837	82 
5838	213 
5839	82 
5840	118 
5841	210 
5842	175 
5843	132 
5844	120 
5845	27 
5846	109 
5847	129 
5848	120 
5849	82 
5850	24 
5851	118 
5852	152 
5853	198 
5854	161 
5855	84 
5856	186 
5857	166 
5858	32 
5859	146 
5860	120 
5861	125 
5862	61 
5863	132 
5864	218 
5865	63 
5866	83 
5867	201 
5868	24 
5869	84 
5870	213 
5871	82 
5872	109 
5873	218 
5874	141 
5875	209 
5876	98 
5877	20 
5878	109 
5879	98 
5880	33 
5881	6 
5882	164 
5883	142 
5884	97 
5885	28 
5886	27 
5887	158 
5888	163 
5889	175 
5890	64 
5891	114 
5892	99 
5893	111 
5894	212 
5895	96 
5896	141 
5897	151 
5898	105 
5899	140 
5900	131 
5901	175 
5902	131 
5903	97 
5904	114 
5905	162 
5906	8 
5907	178 
5908	114 
5909	114 
5910	210 
5911	2 
5912	137 
5913	212 
5914	8 
5915	25 
5916	202 
5917	206 
5918	20 
5919	33 
5920	63 
5921	68 
5922	83 
5923	209 
5924	24 
5925	25 
5926	108 
5927	58 
5928	222 
5929	107 
5930	92 
5931	68 
5932	58 
5933	49 
5934	131 
5935	76 
5936	73 
5937	58 
5938	202 
5939	105 
5940	81 
5941	137 
5942	48 
5943	88 
5944	175 
5945	217 
5946	27 
5947	46 
5948	222 
5949	123 
5950	138 
5951	27 
5952	56 
5953	139 
5954	3 
5955	33 
5956	165 
5957	114 
5958	145 
5959	34 
5960	3 
5961	152 
5962	98 
5963	131 
5964	62 
5965	100 
5966	215 
5967	222 
5968	25 
5969	205 
5970	72 
5971	37 
5972	32 
5973	138 
5974	133 
5975	35 
5976	136 
5977	74 
5978	133 
5979	214 
5980	58 
5981	214 
5982	200 
5983	108 
5984	141 
5985	176 
5986	152 
5987	151 
5988	114 
5989	22 
5990	209 
5991	157 
5992	13 
5993	2 
5994	118 
5995	13 
5996	6 
5997	24 
5998	37 
5999	215 
6000	161 
6001	201 
6002	13 
6003	122 
6004	20 
6005	115 
6006	107 
6007	209 
6008	3 
6009	163 
6010	142 
6011	118 
6012	198 
6013	108 
6014	34 
6015	178 
6016	199 
6017	8 
6018	217 
6019	131 
6020	97 
6021	115 
6022	64 
6023	137 
6024	20 
6025	192 
6026	138 
6027	120 
6028	21 
6029	218 
6030	132 
6031	136 
6032	158 
6033	134 
6034	99 
6035	64 
6036	13 
6037	178 
6038	146 
6039	188 
6040	216 
6041	137 
6042	215 
6043	48 
6044	205 
6045	195 
6046	118 
6047	169 
6048	115 
6049	102 
6050	151 
6051	176 
6052	81 
6053	174 
6054	33 
6055	49 
6056	176 
6057	144 
6058	27 
6059	29 
6060	206 
6061	195 
6062	167 
6063	164 
6064	209 
6065	24 
6066	34 
6067	7 
6068	84 
6069	62 
6070	97 
6071	125 
6072	81 
6073	133 
6074	28 
6075	136 
6076	107 
6077	102 
6078	218 
6079	151 
6080	92 
6081	125 
6082	43 
6083	68 
6084	42 
6085	145 
6086	78 
6087	152 
6088	203 
6089	158 
6090	216 
6091	145 
6092	162 
6093	39 
6094	2 
6095	45 
6096	61 
6097	176 
6098	2 
6099	1 
6100	189 
6101	92 
6102	13 
6103	185 
6104	164 
6105	202 
6106	40 
6107	27 
6108	49 
6109	27 
6110	217 
6111	87 
6112	13 
6113	167 
6114	216 
6115	55 
6116	90 
6117	118 
6118	218 
6119	10 
6120	45 
6121	138 
6122	145 
6123	141 
6124	214 
6125	158 
6126	87 
6127	136 
6128	162 
6129	57 
6130	10 
6131	72 
6132	124 
6133	78 
6134	13 
6135	57 
6136	161 
6137	137 
6138	188 
6139	102 
6140	189 
6141	24 
6142	173 
6143	24 
6144	98 
6145	163 
6146	24 
6147	186 
6148	67 
6149	51 
6150	54 
6151	72 
6152	62 
6153	2 
6154	167 
6155	222 
6156	20 
6157	115 
6158	217 
6159	131 
6160	215 
6161	67 
6162	13 
6163	49 
6164	147 
6165	168 
6166	131 
6167	185 
6168	222 
6169	118 
6170	214 
6171	151 
6172	181 
6173	78 
6174	141 
6175	158 
6176	49 
6177	210 
6178	2 
6179	23 
6180	209 
6181	10 
6182	147 
6183	58 
6184	47 
6185	158 
6186	49 
6187	20 
6188	206 
6189	83 
6190	162 
6191	23 
6192	158 
6193	206 
6194	164 
6195	64 
6196	27 
6197	134 
6198	20 
6199	151 
6200	42 
6201	83 
6202	137 
6203	100 
6204	126 
6205	92 
6206	17 
6207	175 
6208	176 
6209	144 
6210	102 
6211	82 
6212	134 
6213	146 
6214	125 
6215	201 
6216	114 
6217	174 
6218	51 
6219	174 
6220	86 
6221	102 
6222	84 
6223	24 
6224	147 
6225	41 
6226	43 
6227	64 
6228	186 
6229	29 
6230	125 
6231	49 
6232	10 
6233	73 
6234	149 
6235	72 
6236	33 
6237	58 
6238	20 
6239	217 
6240	48 
6241	42 
6242	86 
6243	150 
6244	42 
6245	74 
6246	168 
6247	49 
6248	62 
6249	97 
6250	43 
6251	86 
6252	63 
6253	202 
6254	100 
6255	92 
6256	140 
6257	121 
6258	136 
6259	152 
6260	126 
6261	141 
6262	29 
6263	98 
6264	217 
6265	213 
6266	99 
6267	136 
6268	29 
6269	66 
6270	175 
6271	68 
6272	48 
6273	179 
6274	149 
6275	58 
6276	37 
6277	42 
6278	162 
6279	206 
6280	126 
6281	3 
6282	82 
6283	42 
6284	210 
6285	139 
6286	162 
6287	90 
6288	20 
6289	151 
6290	86 
6291	73 
6292	10 
6293	176 
6294	24 
6295	149 
6296	24 
6297	24 
6298	214 
6299	2 
6300	96 
6301	45 
6302	146 
6303	143 
6304	58 
6305	146 
6306	198 
6307	60 
6308	121 
6309	81 
6310	64 
6311	151 
6312	10 
6313	114 
6314	5 
6315	209 
6316	199 
6317	96 
6318	114 
6319	41 
6320	142 
6321	137 
6322	96 
6323	114 
6324	81 
6325	98 
6326	164 
6327	9 
6328	54 
6329	99 
6330	141 
6331	210 
6332	154 
6333	5 
6334	178 
6335	120 
6336	207 
6337	63 
6338	109 
6339	48 
6340	150 
6341	20 
6342	161 
6343	176 
6344	175 
6345	92 
6346	97 
6347	217 
6348	81 
6349	111 
6350	207 
6351	30 
6352	136 
6353	186 
6354	34 
6355	210 
6356	8 
6357	167 
6358	126 
6359	99 
6360	108 
6361	27 
6362	149 
6363	194 
6364	217 
6365	37 
6366	194 
6367	198 
6368	149 
6369	158 
6370	88 
6371	45 
6372	176 
6373	135 
6374	78 
6375	94 
6376	64 
6377	150 
6378	91 
6379	108 
6380	55 
6381	2 
6382	57 
6383	210 
6384	158 
6385	25 
6386	5 
6387	68 
6388	218 
6389	87 
6390	151 
6391	115 
6392	205 
6393	187 
6394	69 
6395	206 
6396	131 
6397	214 
6398	10 
6399	205 
6400	114 
6401	90 
6402	130 
6403	81 
6404	34 
6405	24 
6406	81 
6407	214 
6408	186 
6409	164 
6410	41 
6411	90 
6412	108 
6413	138 
6414	213 
6415	174 
6416	146 
6417	157 
6418	145 
6419	206 
6420	32 
6421	114 
6422	168 
6423	123 
6424	8 
6425	146 
6426	99 
6427	13 
6428	186 
6429	134 
6430	12 
6431	40 
6432	99 
6433	27 
6434	114 
6435	10 
6436	78 
6437	220 
6438	61 
6439	200 
6440	201 
6441	209 
6442	150 
6443	90 
6444	203 
6445	88 
6446	62 
6447	41 
6448	25 
6449	133 
6450	162 
6451	10 
6452	10 
6453	141 
6454	29 
6455	34 
6456	190 
6457	182 
6458	3 
6459	98 
6460	28 
6461	33 
6462	40 
6463	87 
6464	220 
6465	25 
6466	202 
6467	40 
6468	202 
6469	133 
6470	1 
6471	202 
6472	57 
6473	29 
6474	205 
6475	90 
6476	136 
6477	102 
6478	99 
6479	141 
6480	131 
6481	15 
6482	3 
6483	15 
6484	138 
6485	167 
6486	62 
6487	20 
6488	120 
6489	150 
6490	78 
6491	146 
6492	109 
6493	6 
6494	125 
6495	41 
6496	27 
6497	164 
6498	149 
6499	24 
6500	214 
6501	200 
6502	146 
6503	114 
6504	99 
6505	157 
6506	42 
6507	125 
6508	82 
6509	162 
6510	65 
6511	24 
6512	27 
6513	214 
6514	131 
6515	13 
6516	74 
6517	173 
6518	180 
6519	72 
6520	98 
6521	1 
6522	118 
6523	17 
6524	25 
6525	120 
6526	31 
6527	125 
6528	31 
6529	34 
6530	37 
6531	56 
6532	159 
6533	165 
6534	40 
6535	216 
6536	12 
6537	21 
6538	118 
6539	100 
6540	78 
6541	198 
6542	41 
6543	43 
6544	25 
6545	53 
6546	109 
6547	167 
6548	205 
6549	154 
6550	51 
6551	118 
6552	92 
6553	138 
6554	37 
6555	146 
6556	181 
6557	15 
6558	20 
6559	201 
6560	176 
6561	20 
6562	85 
6563	103 
6564	31 
6565	114 
6566	105 
6567	169 
6568	158 
6569	86 
6570	78 
6571	58 
6572	86 
6573	24 
6574	152 
6575	40 
6576	125 
6577	165 
6578	113 
6579	17 
6580	68 
6581	68 
6582	68 
6583	82 
6584	158 
6585	203 
6586	86 
6587	198 
6588	99 
6589	41 
6590	10 
6591	13 
6592	98 
6593	114 
6594	82 
6595	181 
6596	175 
6597	56 
6598	157 
6599	67 
6600	68 
6601	96 
6602	119 
6603	146 
6604	159 
6605	164 
6606	88 
6607	175 
6608	180 
6609	119 
6610	161 
6611	114 
6612	202 
6613	62 
6614	199 
6615	218 
6616	34 
6617	51 
6618	37 
6619	210 
6620	217 
6621	218 
6622	64 
6623	126 
6624	203 
6625	168 
6626	157 
6627	167 
6628	49 
6629	164 
6630	41 
6631	12 
6632	17 
6633	151 
6634	189 
6635	118 
6636	146 
6637	191 
6638	186 
6639	61 
6640	49 
6641	40 
6642	109 
6643	7 
6644	130 
6645	105 
6646	149 
6647	25 
6648	12 
6649	68 
6650	83 
6651	141 
6652	222 
6653	40 
6654	46 
6655	90 
6656	17 
6657	102 
6658	136 
6659	145 
6660	164 
6661	173 
6662	150 
6663	62 
6664	68 
6665	105 
6666	151 
6667	144 
6668	126 
6669	121 
6670	90 
6671	215 
6672	6 
6673	146 
6674	205 
6675	1 
6676	75 
6677	145 
6678	23 
6679	138 
6680	58 
6681	84 
6682	146 
6683	111 
6684	47 
6685	99 
6686	121 
6687	2 
6688	145 
6689	120 
6690	53 
6691	144 
6692	200 
6693	34 
6694	143 
6695	137 
6696	85 
6697	13 
6698	10 
6699	61 
6700	111 
6701	85 
6702	158 
6703	25 
6704	126 
6705	38 
6706	175 
6707	215 
6708	40 
6709	83 
6710	174 
6711	114 
6712	1 
6713	150 
6714	119 
6715	87 
6716	124 
6717	203 
6718	34 
6719	84 
6720	176 
6721	125 
6722	49 
6723	214 
6724	58 
6725	98 
6726	121 
6727	68 
6728	15 
6729	98 
6730	161 
6731	213 
6732	24 
6733	158 
6734	154 
6735	174 
6736	164 
6737	215 
6738	82 
6739	13 
6740	78 
6741	68 
6742	68 
6743	202 
6744	37 
6745	202 
6746	118 
6747	194 
6748	169 
6749	186 
6750	113 
6751	28 
6752	130 
6753	209 
6754	214 
6755	203 
6756	78 
6757	113 
6758	166 
6759	10 
6760	218 
6761	57 
6762	85 
6763	10 
6764	21 
6765	86 
6766	218 
6767	99 
6768	48 
6769	134 
6770	64 
6771	110 
6772	102 
6773	102 
6774	162 
6775	115 
6776	138 
6777	42 
6778	42 
6779	90 
6780	73 
6781	209 
6782	158 
6783	145 
6784	207 
6785	214 
6786	21 
6787	27 
6788	125 
6789	149 
6790	138 
6791	90 
6792	189 
6793	161 
6794	192 
6795	96 
6796	98 
6797	37 
6798	138 
6799	122 
6800	8 
6801	88 
6802	174 
6803	151 
6804	141 
6805	40 
6806	143 
6807	164 
6808	203 
6809	102 
6810	99 
6811	194 
6812	194 
6813	62 
6814	217 
6815	222 
6816	87 
6817	120 
6818	21 
6819	13 
6820	82 
6821	68 
6822	142 
6823	141 
6824	21 
6825	136 
6826	113 
6827	94 
6828	30 
6829	167 
6830	33 
6831	210 
6832	209 
6833	118 
6834	92 
6835	215 
6836	168 
6837	72 
6838	213 
6839	94 
6840	192 
6841	205 
6842	201 
6843	114 
6844	111 
6845	108 
6846	174 
6847	164 
6848	167 
6849	85 
6850	20 
6851	33 
6852	61 
6853	209 
6854	217 
6855	87 
6856	209 
6857	78 
6858	62 
6859	90 
6860	133 
6861	98 
6862	13 
6863	146 
6864	80 
6865	157 
6866	194 
6867	96 
6868	6 
6869	176 
6870	81 
6871	180 
6872	32 
6873	210 
6874	102 
6875	78 
6876	87 
6877	45 
6878	81 
6879	185 
6880	202 
6881	178 
6882	75 
6883	180 
6884	67 
6885	47 
6886	34 
6887	24 
6888	121 
6889	90 
6890	80 
6891	126 
6892	125 
6893	20 
6894	218 
6895	195 
6896	194 
6897	222 
6898	87 
6899	25 
6900	78 
6901	61 
6902	214 
6903	98 
6904	21 
6905	25 
6906	100 
6907	109 
6908	201 
6909	86 
6910	113 
6911	199 
6912	72 
6913	159 
6914	43 
6915	187 
6916	114 
6917	96 
6918	37 
6919	7 
6920	86 
6921	176 
6922	141 
6923	222 
6924	167 
6925	162 
6926	34 
6927	73 
6928	64 
6929	13 
6930	168 
6931	198 
6932	163 
6933	94 
6934	189 
6935	2 
6936	53 
6937	8 
6938	20 
6939	110 
6940	37 
6941	214 
6942	49 
6943	10 
6944	83 
6945	2 
6946	81 
6947	99 
6948	151 
6949	62 
6950	87 
6951	150 
6952	213 
6953	27 
6954	72 
6955	29 
6956	99 
6957	2 
6958	163 
6959	217 
6960	125 
6961	58 
6962	102 
6963	174 
6964	209 
6965	13 
6966	13 
6967	165 
6968	115 
6969	175 
6970	48 
6971	138 
6972	154 
6973	131 
6974	10 
6975	64 
6976	188 
6977	217 
6978	157 
6979	157 
6980	161 
6981	218 
6982	40 
6983	8 
6984	191 
6985	180 
6986	102 
6987	134 
6988	93 
6989	67 
6990	119 
6991	167 
6992	20 
6993	209 
6994	158 
6995	49 
6996	97 
6997	78 
6998	34 
6999	68 
7000	68 
7001	213 
7002	40 
7003	90 
7004	21 
7005	161 
7006	205 
7007	72 
7008	179 
7009	40 
7010	27 
7011	146 
7012	168 
7013	114 
7014	199 
7015	118 
7016	1 
7017	99 
7018	56 
7019	62 
7020	142 
7021	186 
7022	90 
7023	98 
7024	102 
7025	92 
7026	149 
7027	133 
7028	169 
7029	124 
7030	64 
7031	212 
7032	99 
7033	47 
7034	141 
7035	157 
7036	48 
7037	6 
7038	61 
7039	193 
7040	134 
7041	62 
7042	174 
7043	147 
7044	68 
7045	61 
7046	91 
7047	68 
7048	25 
7049	81 
7050	20 
7051	20 
7052	136 
7053	82 
7054	24 
7055	152 
7056	97 
7057	176 
7058	27 
7059	49 
7060	124 
7061	113 
7062	125 
7063	209 
7064	25 
7065	182 
7066	62 
7067	82 
7068	187 
7069	99 
7070	189 
7071	165 
7072	49 
7073	158 
7074	169 
7075	90 
7076	150 
7077	8 
7078	92 
7079	25 
7080	133 
7081	137 
7082	164 
7083	119 
7084	131 
7085	215 
7086	151 
7087	40 
7088	15 
7089	2 
7090	169 
7091	205 
7092	99 
7093	92 
7094	68 
7095	143 
7096	54 
7097	137 
7098	102 
7099	81 
7100	118 
7101	92 
7102	114 
7103	92 
7104	54 
7105	34 
7106	86 
7107	120 
7108	166 
7109	126 
7110	91 
7111	13 
7112	141 
7113	92 
7114	90 
7115	82 
7116	164 
7117	82 
7118	96 
7119	41 
7120	164 
7121	35 
7122	24 
7123	108 
7124	157 
7125	169 
7126	209 
7127	174 
7128	150 
7129	13 
7130	164 
7131	198 
7132	80 
7133	191 
7134	10 
7135	27 
7136	217 
7137	158 
7138	115 
7139	149 
7140	136 
7141	217 
7142	206 
7143	94 
7144	34 
7145	13 
7146	3 
7147	8 
7148	2 
7149	108 
7150	191 
7151	151 
7152	17 
7153	125 
7154	205 
7155	100 
7156	27 
7157	68 
7158	40 
7159	109 
7160	214 
7161	176 
7162	154 
7163	214 
7164	136 
7165	149 
7166	118 
7167	164 
7168	222 
7169	37 
7170	118 
7171	154 
7172	141 
7173	35 
7174	68 
7175	98 
7176	80 
7177	99 
7178	209 
7179	13 
7180	29 
7181	49 
7182	149 
7183	205 
7184	146 
7185	68 
7186	176 
7187	215 
7188	206 
7189	78 
7190	90 
7191	32 
7192	176 
7193	2 
7194	192 
7195	1 
7196	134 
7197	80 
7198	151 
7199	37 
7200	165 
7201	121 
7202	161 
7203	30 
7204	81 
7205	194 
7206	7 
7207	2 
7208	141 
7209	58 
7210	200 
7211	149 
7212	212 
7213	151 
7214	194 
7215	212 
7216	126 
7217	176 
7218	54 
7219	108 
7220	118 
7221	43 
7222	43 
7223	10 
7224	49 
7225	198 
7226	64 
7227	42 
7228	215 
7229	102 
7230	164 
7231	165 
7232	1 
7233	151 
7234	64 
7235	61 
7236	90 
7237	21 
7238	136 
7239	206 
7240	145 
7241	86 
7242	42 
7243	40 
7244	152 
7245	109 
7246	120 
7247	141 
7248	164 
7249	98 
7250	57 
7251	124 
7252	68 
7253	137 
7254	64 
7255	206 
7256	186 
7257	96 
7258	102 
7259	210 
7260	10 
7261	214 
7262	29 
7263	114 
7264	13 
7265	47 
7266	175 
7267	8 
7268	203 
7269	213 
7270	37 
7271	25 
7272	141 
7273	90 
7274	151 
7275	121 
7276	151 
7277	203 
7278	203 
7279	20 
7280	126 
7281	6 
7282	141 
7283	151 
7284	137 
7285	51 
7286	83 
7287	173 
7288	121 
7289	182 
7290	214 
7291	134 
7292	49 
7293	65 
7294	212 
7295	64 
7296	151 
7297	146 
7298	97 
7299	108 
7300	126 
7301	99 
7302	8 
7303	40 
7304	13 
7305	96 
7306	82 
7307	147 
7308	99 
7309	27 
7310	2 
7311	189 
7312	176 
7313	99 
7314	115 
7315	141 
7316	99 
7317	101 
7318	114 
7319	57 
7320	98 
7321	64 
7322	123 
7323	136 
7324	119 
7325	64 
7326	138 
7327	88 
7328	25 
7329	203 
7330	125 
7331	13 
7332	92 
7333	108 
7334	210 
7335	10 
7336	122 
7337	199 
7338	27 
7339	113 
7340	209 
7341	202 
7342	217 
7343	61 
7344	97 
7345	114 
7346	115 
7347	25 
7348	176 
7349	180 
7350	174 
7351	151 
7352	143 
7353	78 
7354	134 
7355	21 
7356	174 
7357	41 
7358	161 
7359	63 
7360	48 
7361	6 
7362	191 
7363	175 
7364	164 
7365	78 
7366	191 
7367	120 
7368	194 
7369	164 
7370	131 
7371	91 
7372	88 
7373	140 
7374	99 
7375	90 
7376	21 
7377	164 
7378	24 
7379	149 
7380	102 
7381	209 
7382	200 
7383	17 
7384	131 
7385	63 
7386	152 
7387	10 
7388	68 
7389	78 
7390	125 
7391	176 
7392	105 
7393	131 
7394	37 
7395	209 
7396	124 
7397	206 
7398	96 
7399	53 
7400	1 
7401	42 
7402	218 
7403	123 
7404	167 
7405	103 
7406	62 
7407	49 
7408	1 
7409	136 
7410	164 
7411	34 
7412	215 
7413	200 
7414	99 
7415	215 
7416	6 
7417	214 
7418	57 
7419	29 
7420	118 
7421	209 
7422	174 
7423	126 
7424	61 
7425	166 
7426	213 
7427	108 
7428	165 
7429	164 
7430	189 
7431	13 
7432	186 
7433	217 
7434	138 
7435	2 
7436	175 
7437	198 
7438	51 
7439	202 
7440	49 
7441	1 
7442	27 
7443	205 
7444	92 
7445	105 
7446	146 
7447	6 
7448	21 
7449	13 
7450	149 
7451	58 
7452	13 
7453	146 
7454	8 
7455	61 
7456	98 
7457	192 
7458	167 
7459	84 
7460	31 
7461	138 
7462	187 
7463	80 
7464	51 
7465	200 
7466	68 
7467	182 
7468	34 
7469	130 
7470	152 
7471	220 
7472	136 
7473	58 
7474	174 
7475	191 
7476	141 
7477	78 
7478	33 
7479	188 
7480	152 
7481	158 
7482	80 
7483	20 
7484	37 
7485	131 
7486	24 
7487	83 
7488	125 
7489	138 
7490	145 
7491	179 
7492	138 
7493	191 
7494	91 
7495	157 
7496	158 
7497	122 
7498	61 
7499	203 
7500	53 
7501	34 
7502	152 
7503	38 
7504	1 
7505	216 
7506	129 
7507	1 
7508	92 
7509	40 
7510	34 
7511	176 
7512	56 
7513	25 
7514	125 
7515	102 
7516	120 
7517	180 
7518	27 
7519	182 
7520	97 
7521	68 
7522	40 
7523	92 
7524	166 
7525	62 
7526	82 
7527	206 
7528	158 
7529	37 
7530	108 
7531	40 
7532	120 
7533	37 
7534	24 
7535	215 
7536	82 
7537	81 
7538	123 
7539	57 
7540	99 
7541	5 
7542	185 
7543	150 
7544	151 
7545	20 
7546	164 
7547	209 
7548	157 
7549	98 
7550	120 
7551	29 
7552	58 
7553	81 
7554	57 
7555	131 
7556	72 
7557	185 
7558	213 
7559	10 
7560	220 
7561	152 
7562	73 
7563	212 
7564	194 
7565	78 
7566	203 
7567	138 
7568	47 
7569	203 
7570	217 
7571	107 
7572	125 
7573	98 
7574	157 
7575	114 
7576	98 
7577	138 
7578	124 
7579	68 
7580	28 
7581	62 
7582	158 
7583	99 
7584	114 
7585	152 
7586	176 
7587	24 
7588	90 
7589	63 
7590	2 
7591	48 
7592	215 
7593	166 
7594	41 
7595	10 
7596	92 
7597	125 
7598	28 
7599	202 
7600	48 
7601	164 
7602	165 
7603	164 
7604	134 
7605	214 
7606	2 
7607	214 
7608	10 
7609	164 
7610	206 
7611	209 
7612	176 
7613	218 
7614	146 
7615	138 
7616	10 
7617	202 
7618	123 
7619	121 
7620	8 
7621	40 
7622	215 
7623	31 
7624	178 
7625	98 
7626	99 
7627	187 
7628	146 
7629	119 
7630	176 
7631	113 
7632	13 
7633	137 
7634	199 
7635	68 
7636	27 
7637	105 
7638	8 
7639	20 
7640	42 
7641	62 
7642	136 
7643	21 
7644	133 
7645	101 
7646	57 
7647	178 
7648	24 
7649	191 
7650	165 
7651	62 
7652	47 
7653	136 
7654	201 
7655	98 
7656	214 
7657	133 
7658	146 
7659	131 
7660	165 
7661	123 
7662	218 
7663	152 
7664	78 
7665	218 
7666	218 
7667	53 
7668	179 
7669	30 
7670	34 
7671	164 
7672	217 
7673	64 
7674	131 
7675	64 
7676	175 
7677	40 
7678	20 
7679	37 
7680	175 
7681	130 
7682	25 
7683	205 
7684	121 
7685	57 
7686	209 
7687	131 
7688	53 
7689	99 
7690	178 
7691	217 
7692	124 
7693	114 
7694	162 
7695	137 
7696	102 
7697	126 
7698	165 
7699	10 
7700	157 
7701	1 
7702	222 
7703	186 
7704	82 
7705	111 
7706	48 
7707	46 
7708	176 
7709	96 
7710	25 
7711	78 
7712	222 
7713	10 
7714	162 
7715	78 
7716	97 
7717	84 
7718	101 
7719	24 
7720	191 
7721	115 
7722	217 
7723	186 
7724	125 
7725	141 
7726	164 
7727	21 
7728	96 
7729	131 
7730	169 
7731	68 
7732	136 
7733	146 
7734	10 
7735	213 
7736	137 
7737	108 
7738	15 
7739	75 
7740	68 
7741	64 
7742	29 
7743	13 
7744	114 
7745	103 
7746	100 
7747	45 
7748	213 
7749	34 
7750	210 
7751	191 
7752	163 
7753	49 
7754	78 
7755	46 
7756	5 
7757	102 
7758	105 
7759	72 
7760	157 
7761	120 
7762	64 
7763	145 
7764	165 
7765	6 
7766	175 
7767	48 
7768	90 
7769	78 
7770	120 
7771	68 
7772	119 
7773	20 
7774	68 
7775	20 
7776	92 
7777	40 
7778	122 
7779	114 
7780	168 
7781	141 
7782	158 
7783	167 
7784	83 
7785	114 
7786	20 
7787	217 
7788	131 
7789	96 
7790	10 
7791	63 
7792	90 
7793	149 
7794	56 
7795	161 
7796	54 
7797	92 
7798	2 
7799	101 
7800	82 
7801	175 
7802	164 
7803	37 
7804	169 
7805	186 
7806	13 
7807	159 
7808	63 
7809	162 
7810	103 
7811	57 
7812	164 
7813	149 
7814	209 
7815	20 
7816	28 
7817	72 
7818	100 
7819	13 
7820	97 
7821	120 
7822	210 
7823	209 
7824	15 
7825	136 
7826	68 
7827	10 
7828	20 
7829	118 
7830	102 
7831	8 
7832	90 
7833	132 
7834	209 
7835	217 
7836	2 
7837	37 
7838	91 
7839	198 
7840	13 
7841	20 
7842	5 
7843	31 
7844	24 
7845	167 
7846	209 
7847	68 
7848	64 
7849	189 
7850	168 
7851	209 
7852	206 
7853	61 
7854	145 
7855	138 
7856	115 
7857	175 
7858	92 
7859	92 
7860	152 
7861	17 
7862	31 
7863	2 
7864	216 
7865	125 
7866	29 
7867	120 
7868	158 
7869	31 
7870	157 
7871	162 
7872	41 
7873	103 
7874	164 
7875	209 
7876	90 
7877	45 
7878	78 
7879	164 
7880	90 
7881	102 
7882	151 
7883	8 
7884	151 
7885	34 
7886	49 
7887	114 
7888	27 
7889	1 
7890	180 
7891	147 
7892	146 
7893	28 
7894	158 
7895	205 
7896	126 
7897	157 
7898	92 
7899	167 
7900	191 
7901	169 
7902	98 
7903	212 
7904	90 
7905	115 
7906	41 
7907	174 
7908	100 
7909	92 
7910	115 
7911	173 
7912	102 
7913	38 
7914	149 
7915	102 
7916	45 
7917	51 
7918	8 
7919	103 
7920	99 
7921	24 
7922	210 
7923	27 
7924	146 
7925	100 
7926	199 
7927	167 
7928	125 
7929	34 
7930	158 
7931	92 
7932	97 
7933	146 
7934	2 
7935	209 
7936	146 
7937	40 
7938	25 
7939	205 
7940	168 
7941	27 
7942	151 
7943	126 
7944	124 
7945	180 
7946	146 
7947	33 
7948	62 
7949	202 
7950	72 
7951	215 
7952	20 
7953	162 
7954	163 
7955	34 
7956	166 
7957	108 
7958	151 
7959	125 
7960	78 
7961	132 
7962	191 
7963	21 
7964	134 
7965	103 
7966	99 
7967	175 
7968	85 
7969	136 
7970	122 
7971	194 
7972	222 
7973	162 
7974	13 
7975	192 
7976	175 
7977	45 
7978	64 
7979	108 
7980	96 
7981	27 
7982	214 
7983	209 
7984	1 
7985	21 
7986	20 
7987	152 
7988	10 
7989	214 
7990	164 
7991	10 
7992	222 
7993	146 
7994	87 
7995	142 
7996	178 
7997	149 
7998	43 
7999	24 
8000	217 
8001	47 
8002	126 
8003	96 
8004	131 
8005	145 
8006	163 
8007	98 
8008	119 
8009	28 
8010	138 
8011	167 
8012	218 
8013	140 
8014	49 
8015	164 
8016	192 
8017	34 
8018	86 
8019	54 
8020	13 
8021	123 
8022	122 
8023	53 
8024	174 
8025	24 
8026	175 
8027	222 
8028	20 
8029	129 
8030	222 
8031	41 
8032	68 
8033	10 
8034	125 
8035	202 
8036	164 
8037	68 
8038	176 
8039	102 
8040	141 
8041	61 
8042	132 
8043	97 
8044	134 
8045	114 
8046	96 
8047	40 
8048	25 
8049	78 
8050	92 
8051	49 
8052	141 
8053	158 
8054	25 
8055	72 
8056	64 
8057	28 
8058	34 
8059	68 
8060	53 
8061	131 
8062	97 
8063	154 
8064	25 
8065	164 
8066	90 
8067	85 
8068	174 
8069	78 
8070	108 
8071	102 
8072	141 
8073	141 
8074	162 
8075	13 
8076	34 
8077	120 
8078	202 
8079	159 
8080	2 
8081	13 
8082	96 
8083	108 
8084	27 
8085	24 
8086	126 
8087	164 
8088	57 
8089	201 
8090	6 
8091	25 
8092	158 
8093	178 
8094	133 
8095	202 
8096	10 
8097	1 
8098	54 
8099	91 
8100	42 
8101	57 
8102	152 
8103	215 
8104	98 
8105	120 
8106	131 
8107	40 
8108	34 
8109	174 
8110	180 
8111	206 
8112	31 
8113	165 
8114	214 
8115	141 
8116	188 
8117	29 
8118	13 
8119	203 
8120	42 
8121	178 
8122	99 
8123	25 
8124	28 
8125	41 
8126	218 
8127	105 
8128	57 
8129	41 
8130	131 
8131	161 
8132	222 
8133	57 
8134	214 
8135	198 
8136	131 
8137	15 
8138	27 
8139	176 
8140	124 
8141	24 
8142	201 
8143	164 
8144	40 
8145	38 
8146	124 
8147	58 
8148	145 
8149	154 
8150	38 
8151	34 
8152	97 
8153	98 
8154	176 
8155	205 
8156	17 
8157	115 
8158	21 
8159	58 
8160	141 
8161	115 
8162	99 
8163	145 
8164	68 
8165	62 
8166	105 
8167	134 
8168	31 
8169	194 
8170	25 
8171	151 
8172	179 
8173	189 
8174	176 
8175	25 
8176	167 
8177	51 
8178	96 
8179	99 
8180	8 
8181	40 
8182	152 
8183	118 
8184	175 
8185	20 
8186	13 
8187	108 
8188	102 
8189	205 
8190	215 
8191	64 
8192	163 
8193	64 
8194	15 
8195	138 
8196	182 
8197	120 
8198	151 
8199	86 
8200	146 
8201	81 
8202	47 
8203	168 
8204	188 
8205	142 
8206	111 
8207	186 
8208	46 
8209	10 
8210	161 
8211	48 
8212	186 
8213	96 
8214	158 
8215	88 
8216	109 
8217	114 
8218	121 
8219	57 
8220	175 
8221	179 
8222	90 
8223	151 
8224	168 
8225	188 
8226	78 
8227	218 
8228	92 
8229	182 
8230	64 
8231	6 
8232	206 
8233	123 
8234	88 
8235	34 
8236	109 
8237	68 
8238	21 
8239	87 
8240	214 
8241	64 
8242	145 
8243	176 
8244	37 
8245	178 
8246	41 
8247	41 
8248	213 
8249	140 
8250	91 
8251	176 
8252	62 
8253	75 
8254	99 
8255	136 
8256	167 
8257	194 
8258	102 
8259	118 
8260	108 
8261	90 
8262	27 
8263	165 
8264	63 
8265	158 
8266	49 
8267	217 
8268	141 
8269	152 
8270	13 
8271	136 
8272	113 
8273	20 
8274	151 
8275	68 
8276	203 
8277	81 
8278	129 
8279	78 
8280	154 
8281	24 
8282	100 
8283	58 
8284	146 
8285	152 
8286	210 
8287	162 
8288	64 
8289	205 
8290	203 
8291	17 
8292	131 
8293	203 
8294	92 
8295	49 
8296	92 
8297	166 
8298	152 
8299	205 
8300	201 
8301	191 
8302	1 
8303	29 
8304	78 
8305	78 
8306	122 
8307	203 
8308	64 
8309	90 
8310	20 
8311	78 
8312	176 
8313	206 
8314	114 
8315	84 
8316	109 
8317	102 
8318	114 
8319	28 
8320	213 
8321	182 
8322	27 
8323	82 
8324	182 
8325	133 
8326	178 
8327	56 
8328	161 
8329	186 
8330	13 
8331	176 
8332	124 
8333	114 
8334	206 
8335	141 
8336	24 
8337	111 
8338	140 
8339	162 
8340	34 
8341	24 
8342	136 
8343	38 
8344	120 
8345	24 
8346	214 
8347	131 
8348	21 
8349	75 
8350	105 
8351	164 
8352	48 
8353	2 
8354	126 
8355	27 
8356	1 
8357	10 
8358	40 
8359	125 
8360	34 
8361	176 
8362	109 
8363	141 
8364	46 
8365	1 
8366	88 
8367	114 
8368	45 
8369	201 
8370	102 
8371	49 
8372	161 
8373	122 
8374	99 
8375	40 
8376	40 
8377	133 
8378	198 
8379	178 
8380	32 
8381	175 
8382	209 
8383	78 
8384	194 
8385	81 
8386	13 
8387	202 
8388	96 
8389	28 
8390	45 
8391	124 
8392	118 
8393	28 
8394	141 
8395	146 
8396	206 
8397	40 
8398	175 
8399	218 
8400	75 
8401	34 
8402	149 
8403	20 
8404	10 
8405	157 
8406	164 
8407	118 
8408	198 
8409	174 
8410	189 
8411	169 
8412	86 
8413	62 
8414	10 
8415	64 
8416	209 
8417	205 
8418	72 
8419	24 
8420	161 
8421	125 
8422	175 
8423	58 
8424	99 
8425	13 
8426	157 
8427	140 
8428	72 
8429	168 
8430	78 
8431	84 
8432	17 
8433	78 
8434	25 
8435	131 
8436	97 
8437	133 
8438	99 
8439	203 
8440	24 
8441	158 
8442	58 
8443	92 
8444	164 
8445	2 
8446	125 
8447	47 
8448	174 
8449	217 
8450	56 
8451	28 
8452	81 
8453	48 
8454	7 
8455	213 
8456	131 
8457	51 
8458	58 
8459	105 
8460	134 
8461	146 
8462	13 
8463	217 
8464	10 
8465	163 
8466	169 
8467	205 
8468	24 
8469	162 
8470	215 
8471	163 
8472	7 
8473	151 
8474	68 
8475	206 
8476	142 
8477	45 
8478	13 
8479	64 
8480	99 
8481	186 
8482	178 
8483	6 
8484	141 
8485	222 
8486	102 
8487	113 
8488	40 
8489	40 
8490	141 
8491	137 
8492	222 
8493	118 
8494	222 
8495	209 
8496	20 
8497	24 
8498	111 
8499	75 
8500	175 
8501	38 
8502	1 
8503	134 
8504	138 
8505	167 
8506	165 
8507	118 
8508	142 
8509	29 
8510	8 
8511	179 
8512	201 
8513	108 
8514	68 
8515	202 
8516	40 
8517	102 
8518	58 
8519	87 
8520	206 
8521	68 
8522	32 
8523	115 
8524	114 
8525	92 
8526	114 
8527	206 
8528	114 
8529	152 
8530	10 
8531	124 
8532	175 
8533	58 
8534	213 
8535	86 
8536	27 
8537	78 
8538	99 
8539	157 
8540	85 
8541	124 
8542	142 
8543	118 
8544	152 
8545	33 
8546	222 
8547	137 
8548	129 
8549	174 
8550	174 
8551	92 
8552	34 
8553	152 
8554	49 
8555	64 
8556	85 
8557	64 
8558	105 
8559	86 
8560	57 
8561	186 
8562	122 
8563	151 
8564	99 
8565	201 
8566	83 
8567	175 
8568	203 
8569	24 
8570	213 
8571	25 
8572	209 
8573	78 
8574	218 
8575	25 
8576	175 
8577	182 
8578	62 
8579	64 
8580	81 
8581	2 
8582	6 
8583	132 
8584	13 
8585	88 
8586	136 
8587	167 
8588	58 
8589	68 
8590	1 
8591	209 
8592	68 
8593	31 
8594	126 
8595	118 
8596	152 
8597	174 
8598	27 
8599	47 
8600	81 
8601	27 
8602	215 
8603	120 
8604	209 
8605	78 
8606	164 
8607	120 
8608	27 
8609	123 
8610	61 
8611	34 
8612	100 
8613	146 
8614	91 
8615	20 
8616	82 
8617	205 
8618	165 
8619	134 
8620	164 
8621	203 
8622	29 
8623	105 
8624	34 
8625	96 
8626	57 
8627	56 
8628	194 
8629	165 
8630	218 
8631	203 
8632	119 
8633	100 
8634	162 
8635	1 
8636	85 
8637	168 
8638	113 
8639	136 
8640	37 
8641	61 
8642	129 
8643	176 
8644	96 
8645	141 
8646	86 
8647	64 
8648	53 
8649	141 
8650	125 
8651	64 
8652	25 
8653	186 
8654	164 
8655	125 
8656	24 
8657	102 
8658	24 
8659	164 
8660	151 
8661	150 
8662	138 
8663	68 
8664	206 
8665	88 
8666	136 
8667	194 
8668	85 
8669	132 
8670	10 
8671	68 
8672	167 
8673	222 
8674	141 
8675	87 
8676	10 
8677	142 
8678	191 
8679	205 
8680	68 
8681	125 
8682	92 
8683	206 
8684	72 
8685	167 
8686	49 
8687	214 
8688	162 
8689	20 
8690	138 
8691	120 
8692	203 
8693	108 
8694	97 
8695	98 
8696	164 
8697	209 
8698	213 
8699	198 
8700	20 
8701	108 
8702	88 
8703	176 
8704	32 
8705	215 
8706	85 
8707	61 
8708	149 
8709	20 
8710	131 
8711	37 
8712	192 
8713	164 
8714	82 
8715	15 
8716	152 
8717	13 
8718	63 
8719	164 
8720	158 
8721	21 
8722	99 
8723	209 
8724	113 
8725	72 
8726	25 
8727	125 
8728	41 
8729	205 
8730	194 
8731	164 
8732	15 
8733	25 
8734	136 
8735	141 
8736	142 
8737	126 
8738	64 
8739	13 
8740	146 
8741	48 
8742	24 
8743	61 
8744	222 
8745	100 
8746	146 
8747	214 
8748	24 
8749	206 
8750	2 
8751	151 
8752	6 
8753	118 
8754	10 
8755	64 
8756	151 
8757	131 
8758	151 
8759	24 
8760	186 
8761	33 
8762	68 
8763	58 
8764	136 
8765	210 
8766	90 
8767	7 
8768	206 
8769	205 
8770	34 
8771	158 
8772	13 
8773	136 
8774	48 
8775	118 
8776	174 
8777	63 
8778	40 
8779	7 
8780	24 
8781	99 
8782	210 
8783	150 
8784	113 
8785	215 
8786	62 
8787	146 
8788	138 
8789	179 
8790	201 
8791	102 
8792	161 
8793	217 
8794	149 
8795	165 
8796	145 
8797	123 
8798	20 
8799	214 
8800	162 
8801	202 
8802	109 
8803	1 
8804	24 
8805	186 
8806	24 
8807	13 
8808	96 
8809	131 
8810	84 
8811	37 
8812	145 
8813	49 
8814	1 
8815	33 
8816	176 
8817	42 
8818	164 
8819	25 
8820	7 
8821	85 
8822	8 
8823	37 
8824	10 
8825	58 
8826	40 
8827	108 
8828	209 
8829	15 
8830	37 
8831	164 
8832	175 
8833	134 
8834	168 
8835	178 
8836	42 
8837	49 
8838	141 
8839	201 
8840	85 
8841	149 
8842	81 
8843	20 
8844	47 
8845	40 
8846	214 
8847	176 
8848	131 
8849	215 
8850	24 
8851	151 
8852	205 
8853	90 
8854	20 
8855	152 
8856	29 
8857	64 
8858	85 
8859	175 
8860	157 
8861	78 
8862	78 
8863	178 
8864	164 
8865	179 
8866	164 
8867	152 
8868	124 
8869	82 
8870	165 
8871	192 
8872	175 
8873	218 
8874	64 
8875	81 
8876	136 
8877	8 
8878	27 
8879	13 
8880	115 
8881	17 
8882	53 
8883	81 
8884	165 
8885	218 
8886	40 
8887	164 
8888	115 
8889	28 
8890	88 
8891	102 
8892	90 
8893	24 
8894	102 
8895	222 
8896	120 
8897	72 
8898	125 
8899	218 
8900	100 
8901	194 
8902	214 
8903	20 
8904	206 
8905	201 
8906	88 
8907	27 
8908	151 
8909	186 
8910	124 
8911	214 
8912	78 
8913	90 
8914	113 
8915	82 
8916	102 
8917	162 
8918	82 
8919	113 
8920	175 
8921	151 
8922	25 
8923	137 
8924	68 
8925	53 
8926	37 
8927	132 
8928	189 
8929	29 
8930	161 
8931	162 
8932	218 
8933	10 
8934	98 
8935	27 
8936	202 
8937	151 
8938	176 
8939	49 
8940	13 
8941	29 
8942	109 
8943	124 
8944	20 
8945	146 
8946	41 
8947	90 
8948	45 
8949	214 
8950	203 
8951	176 
8952	167 
8953	146 
8954	62 
8955	125 
8956	146 
8957	72 
8958	68 
8959	24 
8960	27 
8961	1 
8962	57 
8963	98 
8964	222 
8965	27 
8966	81 
8967	168 
8968	158 
8969	137 
8970	146 
8971	222 
8972	191 
8973	175 
8974	6 
8975	92 
8976	131 
8977	179 
8978	124 
8979	102 
8980	203 
8981	176 
8982	37 
8983	42 
8984	131 
8985	108 
8986	203 
8987	209 
8988	115 
8989	82 
8990	10 
8991	109 
8992	2 
8993	151 
8994	92 
8995	48 
8996	175 
8997	149 
8998	53 
8999	92 
9000	78 
9001	114 
9002	98 
9003	41 
9004	164 
9005	1 
9006	34 
9007	97 
9008	114 
9009	40 
9010	194 
9011	217 
9012	123 
9013	92 
9014	40 
9015	86 
9016	108 
9017	201 
9018	62 
9019	126 
9020	40 
9021	90 
9022	123 
9023	176 
9024	78 
9025	141 
9026	20 
9027	34 
9028	133 
9029	161 
9030	114 
9031	146 
9032	88 
9033	34 
9034	88 
9035	58 
9036	120 
9037	163 
9038	25 
9039	64 
9040	61 
9041	179 
9042	86 
9043	174 
9044	175 
9045	218 
9046	201 
9047	146 
9048	42 
9049	114 
9050	115 
9051	192 
9052	114 
9053	90 
9054	29 
9055	151 
9056	152 
9057	209 
9058	146 
9059	62 
9060	81 
9061	152 
9062	34 
9063	62 
9064	186 
9065	98 
9066	151 
9067	6 
9068	38 
9069	151 
9070	136 
9071	203 
9072	138 
9073	82 
9074	179 
9075	206 
9076	90 
9077	198 
9078	62 
9079	125 
9080	218 
9081	175 
9082	218 
9083	189 
9084	126 
9085	88 
9086	125 
9087	138 
9088	152 
9089	131 
9090	68 
9091	81 
9092	174 
9093	114 
9094	222 
9095	99 
9096	25 
9097	99 
9098	62 
9099	215 
9100	214 
9101	24 
9102	115 
9103	145 
9104	68 
9105	38 
9106	114 
9107	90 
9108	213 
9109	178 
9110	152 
9111	157 
9112	38 
9113	205 
9114	49 
9115	210 
9116	41 
9117	13 
9118	213 
9119	25 
9120	210 
9121	194 
9122	145 
9123	109 
9124	222 
9125	151 
9126	6 
9127	98 
9128	78 
9129	189 
9130	58 
9131	151 
9132	10 
9133	186 
9134	49 
9135	167 
9136	206 
9137	175 
9138	176 
9139	102 
9140	175 
9141	163 
9142	137 
9143	136 
9144	125 
9145	27 
9146	90 
9147	34 
9148	64 
9149	2 
9150	150 
9151	64 
9152	149 
9153	109 
9154	202 
9155	72 
9156	114 
9157	113 
9158	40 
9159	203 
9160	167 
9161	152 
9162	214 
9163	68 
9164	98 
9165	114 
9166	222 
9167	209 
9168	48 
9169	48 
9170	64 
9171	179 
9172	41 
9173	175 
9174	191 
9175	1 
9176	64 
9177	118 
9178	118 
9179	213 
9180	33 
9181	164 
9182	175 
9183	49 
9184	215 
9185	81 
9186	163 
9187	68 
9188	2 
9189	217 
9190	126 
9191	98 
9192	179 
9193	61 
9194	64 
9195	49 
9196	217 
9197	209 
9198	209 
9199	13 
9200	24 
9201	215 
9202	141 
9203	2 
9204	81 
9205	152 
9206	86 
9207	145 
9208	97 
9209	98 
9210	164 
9211	217 
9212	64 
9213	137 
9214	13 
9215	99 
9216	163 
9217	194 
9218	99 
9219	176 
9220	88 
9221	68 
9222	151 
9223	150 
9224	48 
9225	124 
9226	21 
9227	13 
9228	198 
9229	40 
9230	92 
9231	2 
9232	151 
9233	48 
9234	58 
9235	203 
9236	64 
9237	158 
9238	62 
9239	62 
9240	6 
9241	42 
9242	201 
9243	58 
9244	222 
9245	10 
9246	20 
9247	133 
9248	118 
9249	42 
9250	49 
9251	217 
9252	150 
9253	24 
9254	34 
9255	99 
9256	124 
9257	167 
9258	34 
9259	152 
9260	165 
9261	198 
9262	215 
9263	165 
9264	201 
9265	150 
9266	81 
9267	214 
9268	13 
9269	41 
9270	203 
9271	29 
9272	206 
9273	152 
9274	114 
9275	174 
9276	34 
9277	20 
9278	134 
9279	157 
9280	99 
9281	24 
9282	37 
9283	40 
9284	222 
9285	149 
9286	189 
9287	146 
9288	105 
9289	189 
9290	82 
9291	167 
9292	202 
9293	215 
9294	213 
9295	141 
9296	81 
9297	21 
9298	6 
9299	198 
9300	120 
9301	27 
9302	137 
9303	191 
9304	78 
9305	92 
9306	25 
9307	145 
9308	58 
9309	64 
9310	141 
9311	24 
9312	108 
9313	217 
9314	131 
9315	138 
9316	25 
9317	167 
9318	68 
9319	33 
9320	136 
9321	105 
9322	40 
9323	42 
9324	21 
9325	174 
9326	120 
9327	87 
9328	82 
9329	152 
9330	152 
9331	13 
9332	161 
9333	24 
9334	27 
9335	136 
9336	40 
9337	222 
9338	1 
9339	100 
9340	64 
9341	78 
9342	202 
9343	37 
9344	2 
9345	210 
9346	20 
9347	126 
9348	205 
9349	49 
9350	113 
9351	62 
9352	98 
9353	33 
9354	125 
9355	1 
9356	68 
9357	138 
9358	205 
9359	134 
9360	108 
9361	61 
9362	2 
9363	151 
9364	150 
9365	99 
9366	57 
9367	131 
9368	1 
9369	157 
9370	64 
9371	82 
9372	72 
9373	37 
9374	24 
9375	24 
9376	215 
9377	161 
9378	164 
9379	164 
9380	86 
9381	61 
9382	90 
9383	37 
9384	96 
9385	218 
9386	202 
9387	214 
9388	222 
9389	98 
9390	118 
9391	82 
9392	92 
9393	68 
9394	202 
9395	114 
9396	113 
9397	136 
9398	62 
9399	24 
9400	209 
9401	125 
9402	78 
9403	125 
9404	8 
9405	99 
9406	62 
9407	214 
9408	162 
9409	86 
9410	6 
9411	120 
9412	194 
9413	141 
9414	10 
9415	100 
9416	27 
9417	10 
9418	96 
9419	10 
9420	210 
9421	120 
9422	98 
9423	48 
9424	100 
9425	2 
9426	13 
9427	164 
9428	146 
9429	62 
9430	198 
9431	136 
9432	40 
9433	131 
9434	108 
9435	99 
9436	174 
9437	203 
9438	157 
9439	13 
9440	151 
9441	133 
9442	150 
9443	218 
9444	214 
9445	102 
9446	205 
9447	136 
9448	136 
9449	149 
9450	64 
9451	78 
9452	98 
9453	206 
9454	118 
9455	6 
9456	41 
9457	131 
9458	146 
9459	150 
9460	151 
9461	149 
9462	175 
9463	24 
9464	78 
9465	41 
9466	27 
9467	68 
9468	202 
9469	150 
9470	213 
9471	210 
9472	218 
9473	151 
9474	98 
9475	20 
9476	102 
9477	115 
9478	6 
9479	64 
9480	114 
9481	222 
9482	125 
9483	138 
9484	2 
9485	206 
9486	108 
9487	146 
9488	99 
9489	115 
9490	48 
9491	205 
9492	2 
9493	25 
9494	131 
9495	176 
9496	118 
9497	2 
9498	202 
9499	136 
9500	64 
9501	24 
9502	37 
9503	131 
9504	176 
9505	131 
9506	158 
9507	81 
9508	25 
9509	175 
9510	151 
9511	214 
9512	174 
9513	131 
9514	98 
9515	40 
9516	102 
9517	21 
9518	214 
9519	203 
9520	120 
9521	198 
9522	61 
9523	194 
9524	115 
9525	25 
9526	82 
9527	42 
9528	99 
9529	49 
9530	62 
9531	108 
9532	10 
9533	215 
9534	152 
9535	164 
9536	149 
9537	120 
9538	10 
9539	68 
9540	213 
9541	202 
9542	136 
9543	167 
9544	40 
9545	58 
9546	146 
9547	164 
9548	21 
9549	158 
9550	206 
9551	124 
9552	27 
9553	62 
9554	175 
9555	21 
9556	203 
9557	34 
9558	114 
9559	218 
9560	152 
9561	61 
9562	34 
9563	214 
9564	158 
9565	41 
9566	10 
9567	61 
9568	125 
9569	218 
9570	61 
9571	131 
9572	158 
9573	131 
9574	34 
9575	206 
9576	24 
9577	105 
9578	27 
9579	118 
9580	98 
9581	131 
9582	206 
9583	194 
9584	138 
9585	99 
9586	158 
9587	174 
9588	151 
9589	191 
9590	206 
9591	96 
9592	146 
9593	68 
9594	186 
9595	164 
9596	92 
9597	141 
9598	209 
9599	62 
9600	152 
9601	78 
9602	205 
9603	81 
9604	98 
9605	41 
9606	149 
9607	82 
9608	203 
9609	209 
9610	2 
9611	131 
9612	49 
9613	2 
9614	41 
9615	125 
9616	86 
9617	108 
9618	68 
9619	10 
9620	141 
9621	120 
9622	158 
9623	141 
9624	186 
9625	64 
9626	125 
9627	209 
9628	194 
9629	10 
9630	68 
9631	64 
9632	21 
9633	150 
9634	29 
9635	64 
9636	21 
9637	1 
9638	158 
9639	24 
9640	27 
9641	61 
9642	68 
9643	34 
9644	13 
9645	218 
9646	64 
9647	34 
9648	175 
9649	209 
9650	125 
9651	202 
9652	125 
9653	203 
9654	99 
9655	118 
9656	164 
9657	162 
9658	138 
9659	99 
9660	152 
9661	49 
9662	64 
9663	68 
9664	186 
9665	29 
9666	217 
9667	205 
9668	27 
9669	20 
9670	150 
9671	40 
9672	131 
9673	218 
9674	118 
9675	1 
9676	90 
9677	98 
9678	146 
9679	25 
9680	41 
9681	218 
9682	81 
9683	34 
9684	25 
9685	151 
9686	218 
9687	21 
9688	2 
9689	164 
9690	64 
9691	64 
9692	81 
9693	29 
9694	105 
9695	214 
9696	24 
9697	1 
9698	176 
9699	126 
9700	40 
9701	24 
9702	92 
9703	131 
9704	10 
9705	81 
9706	25 
9707	131 
9708	27 
9709	214 
9710	58 
9711	34 
9712	152 
9713	81 
9714	146 
9715	131 
9716	25 
9717	162 
9718	176 
9719	138 
9720	41 
9721	186 
9722	176 
9723	136 
9724	222 
9725	222 
9726	78 
9727	167 
9728	186 
9729	205 
9730	164 
9731	34 
9732	114 
9733	213 
9734	78 
9735	10 
9736	164 
9737	1 
9738	141 
9739	62 
9740	68 
9741	98 
9742	150 
9743	146 
9744	186 
9745	120 
9746	58 
9747	90 
9748	152 
9749	124 
9750	34 
9751	27 
9752	99 
9753	118 
9754	92 
9755	141 
9756	78 
9757	167 
9758	20 
9759	92 
9760	203 
9761	58 
9762	217 
9763	205 
9764	209 
9765	158 
9766	131 
9767	217 
9768	175 
9769	108 
9770	131 
9771	217 
9772	21 
9773	10 
9774	209 
9775	58 
9776	217 
9777	13 
9778	222 
9779	203 
9780	25 
9781	24 
9782	2 
9783	21 
9784	175 
9785	13 
9786	131 
9787	175 
9788	203 
9789	175 
9790	222 
9791	62 
9792	102 
9793	27 
9794	164 
9795	158 
9796	158 
9797	175 
9798	164 
9799	215 
9800	118 
9801	136 
9802	118 
9803	13 
9804	202 
9805	13 
9806	78 
9807	114 
9808	90 
9809	40 
9810	136 
9811	203 
9812	25 
9813	64 
9814	205 
9815	114 
9816	125 
9817	175 
9818	114 
9819	125 
9820	176 
9821	81 
9822	131 
9823	114 
9824	90 
9825	209 
9826	98 
9827	218 
9828	98 
9829	222 
9830	151 
9831	78 
9832	206 
9833	138 
9834	203 
9835	99 
9836	13 
9837	114 
9838	25 
9839	90 
9840	90 
9841	20 
9842	125 
9843	136 
9844	222 
9845	13 
9846	99 
9847	203 
9848	120 
9849	136 
9850	49 
9851	152 
9852	108 
9853	90 
9854	120 
9855	68 
9856	175 
9857	203 
9858	68 
9859	25 
9860	209 
9861	205 
9862	217 
9863	10 
9864	81 
9865	151 
9866	120 
9867	141 
9868	151 
9869	120 
9870	141 
9871	176 
9872	209 
9873	24 
9874	146 
9875	99 
9876	114 
9877	64 
9878	62 
9879	120 
9880	151 
9881	2 
9882	217 
9883	205 
9884	13 
9885	164 
9886	99 
9887	13 
9888	68 
9889	92 
9890	99 
9891	209 
9892	27 
9893	158 
9894	114 
9895	125 
9896	40 
9897	146 
9898	64 
9899	20 
9900	209 
9901	98 
9902	62 
9903	203 
9904	222 
9905	203 
9906	25 
9907	141 
9908	125 
9909	68 
9910	125 
9911	99 
9912	10 
9913	151 
9914	78 
9915	217 
9916	222 
9917	151 
9918	118 
9919	27 
9920	214 
9921	175 
9922	27 
9923	24 
9924	152 
9925	49 
9926	206 
9927	141 
9928	209 
9929	13 
9930	152 
9931	1 
9932	68 
9933	1 
9934	151 
9935	64 
9936	62 
9937	136 
9938	81 
9939	136 
9940	214 
9941	146 
9942	2 
9943	164 
9944	222 
9945	99 
9946	131 
9947	164 
9948	209 
9949	209 
9950	20 
9951	158 
9952	24 
9953	114 
9954	158 
9955	27 
9956	1 
9957	2 
9958	1 
9959	68 
9960	64 
9961	13 
9962	98 
9963	58 
9964	25 
9965	125 
9966	2 
9967	34 
9968	81 
9969	222 
9970	78 
9971	136 
9972	214 
9973	78 
9974	1 
9975	99 
9976	114 
9977	209 
9978	141 
9979	203 
9980	136 
9981	2 
9982	27 
9983	68 
9984	176 
9985	98 
9986	99 
9987	1 
9988	214 
9989	1 
9990	98 
9991	99 
9992	164 
9993	10 
9994	78 
9995	136 
9996	98 
9997	146 
9998	176 
9999	24 
10000	114 
