35 5
1033 5
103482 0
103515 5
1050679 5
1103960 5
1103985 5
1109199 5
1112911 5
1113438 5
1113831 5
1114331 5
1117476 5
1119505 5
1119708 5
1120431 0
1123756 5
1125386 4
1127430 5
1127913 5
1128204 5
1128227 5
1128314 5
1128453 5
1128945 5
1128959 5
1128985 5
1129018 5
1129027 5
1129573 5
1129683 5
1129778 5
1130847 5
1130856 5
1131116 5
1131360 5
1131557 5
1131752 5
1133196 5
1133338 5
1136814 5
1137466 5
1152421 5
1152508 5
1153065 5
1153280 5
1153577 5
1153853 5
1153943 5
1154176 5
1154459 5
116552 5
12576 5
128540 5
132806 5
135130 2
141342 5
141347 5
148170 5
15670 5
1688 5
175291 0
178727 5
18582 5
190697 5
190706 5
1956 6
197054 2
198443 5
198653 5
206371 5
210871 5
229635 5
231249 5
248425 5
249421 0
254923 5
259701 5
259702 5
263279 5
263498 5
265203 5
273152 5
27510 4
28290 2
286500 5
287787 5
28851 5
289779 5
289780 5
289781 5
307015 5
335733 5
33904 5
33907 5
35061 5
38205 5
387795 5
415693 5
41714 5
427606 5
44368 5
45599 5
46079 5
46431 0
486840 5
48766 5
503883 5
503893 5
513189 5
54129 5
54131 5
56119 5
561238 5
568857 5
573964 5
573978 5
574009 5
574264 5
574462 5
575077 5
575292 5
575331 5
576725 5
576795 5
577227 5
578780 5
579008 5
592973 5
593091 5
593105 5
593240 5
593260 5
593813 5
594047 5
594543 5
594649 5
594900 5
608326 5
634902 5
634904 5
634938 5
634975 5
640617 5
646809 5
646837 5
647408 5
647447 5
66556 5
66563 5
66805 5
69284 5
69296 5
694759 5
735303 5
78511 5
787016 5
801170 5
81722 6
82098 5
84021 5
85352 5
86359 2
8865 5
887 5
97645 5
98698 5
40 5
1109017 5
1114442 5
114 2
1103315 2
1105394 2
1106112 2
1106172 2
1106406 2
1107455 2
1111052 2
1114125 2
1117942 2
1118245 2
1118332 0
1120170 2
1126029 2
124064 2
128 2
130 2
136665 2
191404 3
193742 2
23258 2
28227 2
28287 2
28350 2
28387 2
28471 2
28485 2
341188 2
38480 2
39403 2
434 2
55968 2
58540 2
6155 2
6170 2
6196 2
6220 2
64484 2
7432 2
755217 2
8213 2
91975 2
976334 2
117 2
1109581 3
149669 3
17476 2
189708 3
206259 2
28202 2
28278 2
32872 2
33013 2
6214 2
75674 2
20526 2
13960 2
345340 2
288 2
1118092 2
36167 2
424 1
1135125 0
218666 6
47684 6
267003 0
463 6
58454 6
504 3
1102364 3
1112650 3
506 3
89416 3
1106546 3
10796 6
1105033 2
1111304 2
1113614 2
114308 2
134128 2
161221 0
170798 6
19045 5
20972 2
28456 4
299195 0
299197 0
334153 4
35490 6
595056 5
6151 2
6213 2
6215 2
64519 2
87363 5
906 0
1103979 0
1105344 0
1114352 0
1136397 0
1140040 0
34355 0
910 0
1104379 0
1105530 0
1108834 0
1110520 0
1114118 0
1116569 0
1118848 0
1120858 0
1122460 0
1126044 0
1129111 0
1135137 0
1152194 0
12439 0
12946 3
131042 0
13136 0
160705 0
227286 0
242637 0
31043 0
340075 0
340078 0
35905 0
42847 0
436796 0
48550 0
5462 0
576257 5
58552 0
5869 0
636511 0
67292 0
675649 0
684372 0
94953 0
936 6
1107010 6
1111899 6
129558 6
207395 6
3084 6
3828 6
38845 6
940 6
20180 6
28265 6
941 6
943 6
1152896 6
91852 6
1026 5
1034 5
1102550 5
1105231 5
1129798 5
1153945 5
1107062 5
1035 2
1110515 5
1237 0
102938 0
1102400 4
143676 0
1246 2
1104007 4
42207 4
57764 4
6125 4
1272 4
1102625 6
1108167 4
1120962 0
112378 6
1123867 4
1128256 4
1129208 4
1135358 4
157805 4
18615 1
192734 4
20593 0
27230 1
284414 6
30895 4
30901 4
444240 5
520471 1
52835 1
552469 4
560936 0
591016 1
636098 4
65653 4
6917 1
6923 1
85452 4
85688 1
93923 1
97892 6
1365 0
1031453 0
1102407 0
1105062 2
1106287 0
1108050 0
1110494 0
1110998 0
1113995 0
1114153 0
1114388 4
1114605 0
1116347 2
1116594 0
1117653 0
1119140 0
1120211 0
1120866 0
1128839 0
1129443 0
1130600 2
1131647 0
1131745 0
1131748 0
1132922 0
1132968 0
1135368 0
1136422 0
1136442 0
1152143 4
1152821 0
1154169 0
120084 0
139865 0
157401 0
171225 0
184918 0
188318 0
188471 2
22835 0
23448 0
23502 0
23507 0
237521 0
26850 0
330148 0
340299 0
39904 0
49482 0
562123 0
628500 2
648232 0
649731 0
69392 0
7276 0
7297 0
77758 0
782486 0
83826 0
85299 0
853150 0
90888 0
93555 0
948299 0
948846 0
949318 0
949511 0
950052 0
950305 0
1481 6
1102567 6
1106052 6
1108267 6
1111614 6
1113934 6
1114864 6
1117184 6
1119295 1
1120563 6
1153891 6
200480 6
399173 6
4878 6
521207 6
521269 6
1134022 5
152483 5
1694 5
39474 5
647413 5
1717 3
1115291 3
1116336 3
1135108 3
50381 4
733167 0
1786 1
35797 0
1817 5
1114502 5
1919 3
1108389 3
1949 6
129042 6
3101 6
1951 6
3095 6
1952 6
1107215 6
1953 6
1153166 6
1153724 6
1153728 6
1955 6
110163 6
1110390 6
101143 6
1118302 1
1153101 1
1153150 1
263486 1
83449 6
1959 6
3097 6
310530 6
38839 6
73327 6
82664 6
1997 3
1102442 4
1108551 4
1109439 0
1109542 3
129897 3
154982 3
3233 3
49811 4
7032 3
1999 4
1123068 3
1131471 6
39126 3
6771 4
2354 4
10186 4
1107140 4
1113852 4
1130539 6
154134 6
40151 4
74749 4
2440 1
1000012 1
1061127 1
1106388 1
1107095 1
1110426 1
1114512 1
1117786 1
1120650 1
1127619 1
1153254 1
136766 1
136768 1
151430 1
212777 1
23546 1
49843 1
49844 1
49847 1
582343 4
591017 1
63931 1
72908 1
2653 4
102406 4
107177 4
1104055 4
1116268 4
1116842 4
1118764 4
1119751 4
1152075 4
167656 4
197783 0
28641 4
321861 4
350362 4
4660 4
59045 4
65650 4
2654 4
1104851 4
1106630 0
1107861 4
1110438 0
1121867 4
1123926 4
211906 4
27250 4
463825 4
52784 4
2658 0
1115375 0
1130676 0
1130808 0
1131607 3
1132948 0
1135899 0
1140230 0
230884 0
236759 0
282700 0
395540 3
578347 0
696342 0
696345 0
696346 0
751408 0
99023 0
2663 0
1119671 0
2665 0
1105574 0
1113035 0
1122704 0
1132486 0
205192 0
237489 0
43639 0
578306 0
578309 0
578337 0
582139 0
630817 0
631052 0
763009 0
2695 0
1108169 0
1120197 0
2698 0
342802 0
2696 0
1114192 0
1118083 0
1123239 0
1133004 0
256106 0
469504 0
5348 0
99025 0
2702 0
1120777 0
12330 0
395553 0
72056 0
1107171 6
255233 6
33303 6
3085 6
15889 6
221302 6
30973 0
395725 0
5062 6
110162 6
218682 6
1106236 6
129045 6
110164 6
70441 6
3112 6
103529 6
1152564 6
470511 6
77826 6
77829 6
3187 3
1110000 3
129896 3
280876 3
5086 3
3191 3
105865 0
1106789 3
1127530 3
1131267 3
137873 3
162664 3
308920 3
310742 3
3192 3
423463 3
561364 3
642827 3
3217 4
167670 3
238099 1
86840 4
3218 1
1106492 1
1119987 6
1120169 4
1152290 4
1153264 4
187354 1
277263 1
35070 6
417017 6
6639 1
66782 1
6767 6
6941 1
3220 0
1115677 0
1125992 6
1128430 6
1130634 0
1131728 6
1132706 6
120039 6
145215 6
346243 4
36620 6
39124 6
40922 6
429805 6
654177 6
69397 4
8832 6
3222 6
1103737 4
1114222 3
1131137 3
1132157 3
964248 3
3223 4
3229 0
100197 0
1105718 0
1106568 0
1108209 5
1109392 0
1112767 0
1125082 5
1125895 2
1126037 0
1128868 0
1130915 0
1130927 0
1130931 0
1132418 0
1140289 0
1152277 0
1152673 0
1154251 0
118559 2
133550 0
16461 0
189577 3
25181 0
25184 0
27174 0
27631 6
31769 0
33412 0
35343 0
35863 2
35922 3
390922 3
396412 0
444191 0
447250 0
52515 3
62347 2
641976 0
654326 5
7022 0
72101 0
82087 5
919885 0
92065 0
96335 0
3231 4
104840 4
1102761 6
1106330 6
1106370 0
1107067 6
1113926 0
1115471 1
1128536 4
1153169 1
180399 0
20850 4
259126 0
3237 3
328370 0
49660 4
6334 6
63477 6
63486 4
66594 4
68463 1
8699 4
8821 6
3232 4
20942 4
521251 6
1125467 3
192850 4
272720 4
509379 4
976284 4
3235 3
3236 4
601561 1
3240 4
1110531 6
39130 6
3243 4
1103610 4
1110947 6
1113739 2
307336 0
31932 0
368431 4
854434 0
3932 6
5075 6
4274 6
1105428 1
1114664 6
1119078 4
4329 3
105899 3
1110768 0
28254 0
395547 0
46468 3
510718 3
4330 3
1103676 0
1104449 0
11093 3
1112929 0
1132459 0
1132461 0
1136393 0
1152917 3
118436 0
119956 0
120013 0
151708 0
168410 2
32688 0
37884 3
390889 0
428610 0
684986 0
69418 0
753265 0
949217 0
4335 3
1104300 3
1121254 3
1136310 3
1140547 0
116790 3
239800 4
32698 3
62274 4
62417 3
755082 3
95718 4
4584 2
1120020 2
1130567 2
13885 0
13917 2
293285 4
6184 2
6210 2
628815 2
4637 4
164 4
4649 1
1105887 1
1127851 1
135765 1
135766 1
411092 1
449841 1
8703 1
429781 4
5038 4
4804 4
102884 4
1108175 0
1112574 4
1153262 3
12182 4
12210 4
157761 4
25805 4
45189 4
68505 4
77515 4
989397 4
5055 4
28026 6
5064 6
5069 6
1121176 6
1129106 6
272345 6
385067 6
109323 3
1105698 3
137849 3
354004 3
440815 3
79809 4
5194 0
1152714 0
133563 0
133566 0
140569 0
139547 0
75695 0
911198 0
5454 0
1128425 0
1130680 0
5600 6
1022969 6
1117833 6
5959 6
152226 4
545647 4
582511 4
5966 5
1107572 4
12211 4
27612 4
385251 4
6130 0
1154123 0
1154124 0
671269 0
675847 0
1106547 2
1107355 2
1385 0
6152 2
6163 2
1106966 2
20534 2
96847 5
6169 2
1114629 2
170338 2
7419 2
10981 0
1120731 2
13686 0
399339 2
1153056 2
81350 2
6209 2
1108329 6
118259 2
118260 2
181782 2
212930 0
8875 5
95579 2
1105764 2
1109957 2
1111230 2
1113182 2
1113459 2
1117760 2
1122425 2
1123553 2
1128267 2
1129096 2
1129243 2
13193 2
153598 2
17208 2
195361 2
218410 2
23774 2
241133 4
293271 2
353541 0
6224 2
628667 2
628668 2
672064 0
1115886 2
1152740 2
28447 6
6378 2
93320 2
95589 2
6216 2
230300 2
6238 4
10793 4
1123991 3
1130356 4
84459 4
6311 4
235776 4
6318 6
1108656 6
1121057 6
20833 6
1152307 6
1152448 6
1152975 6
1153703 6
6343 6
141868 6
359067 6
521252 4
6344 6
1112665 0
6346 6
1106103 6
1112075 0
28473 2
6385 2
1103162 2
682666 2
892139 2
6539 4
1102646 0
116084 1
178209 1
568045 1
6741 4
1130637 6
1153160 4
348437 4
49895 1
51909 1
83725 5
9708 6
1120444 6
6925 0
6775 0
1111240 0
350319 0
6782 4
6784 0
100961 0
1116629 0
60170 0
6786 3
714975 3
6814 3
1117348 0
1125469 3
158172 3
293974 3
300071 3
315266 3
390896 3
445938 3
6818 3
1105531 3
50336 3
50337 3
6898 0
1123188 0
124224 0
12631 0
431206 3
6910 0
78994 0
1117219 0
1132083 0
1152150 0
1154103 3
169279 0
263553 0
662416 3
6913 3
1105011 3
1131230 3
703953 3
1153811 1
1155073 1
20857 1
308003 1
1114526 4
1118658 4
372862 1
57922 4
57948 4
6935 1
101660 1
1115670 1
6939 1
1116922 1
323128 4
52847 4
7047 2
1135082 0
14549 4
54844 4
7272 0
1136446 0
763181 0
7296 0
763010 0
1107312 2
7430 2
1153287 2
95586 2
7532 0
1121603 0
1153097 0
141171 0
314459 0
7537 0
80515 0
1113534 0
1131348 0
409255 0
8079 4
105057 4
8224 4
1108728 1
1111788 4
1128531 1
1132815 0
11342 4
1153148 3
1153866 1
133615 1
22431 1
22563 0
23738 4
55403 1
601567 1
62389 6
97377 4
8581 0
1120059 0
75691 0
8617 0
12359 0
36145 0
8619 0
8687 1
1102751 4
38000 1
8696 4
101145 6
173884 3
27535 3
308232 1
502574 6
51866 4
59244 6
89335 6
1129570 5
395075 5
608292 5
785678 5
8872 2
1104647 5
1125092 2
1152761 5
1153860 5
8874 5
1120643 5
1153816 5
1152676 5
8961 2
1133390 4
9513 4
102879 4
9515 4
9581 3
1130780 3
633585 3
9586 5
1120138 0
33818 0
1153003 0
9716 4
28674 4
10169 4
114189 3
158614 4
17798 6
211875 0
39131 6
711598 4
10174 4
10177 4
12197 4
12198 4
124734 4
15429 4
249858 4
27606 4
67415 4
68495 4
10183 6
10430 6
1114336 6
1120713 6
259772 6
47570 6
54550 6
10435 6
1103394 6
208345 6
22566 6
41417 6
10531 0
1102850 0
1107567 4
1129442 0
194617 0
31336 0
31349 0
31353 0
43698 0
686532 0
180373 0
31097 6
46536 0
6217 2
10798 6
1154500 6
18619 4
20193 6
252715 1
1102873 0
39199 0
11326 4
11339 4
11335 1
1127657 4
11325 1
217139 6
11337 4
211432 4
44017 4
45061 4
12155 4
1126350 4
12158 4
12199 4
148399 4
12165 4
1112099 4
12169 4
1119471 4
1059953 4
1106418 4
1117249 4
1153183 4
155736 4
219239 4
28632 4
28640 4
309476 4
94713 3
12194 4
27199 4
12195 4
1107319 4
1131611 4
1132285 4
38722 4
51180 4
111866 4
95225 4
12247 4
12238 4
101263 4
107569 0
1152490 0
1153861 0
156977 0
213279 0
400356 0
12337 0
16451 0
16470 0
16474 0
12347 0
12350 4
101811 4
152227 4
20601 4
20602 4
1131634 0
1071981 2
1104999 5
1105221 5
1107674 5
127033 5
416455 5
56112 5
56709 5
574710 5
575795 5
62718 6
63832 5
12638 0
119761 0
13195 2
13205 2
1105148 2
13208 2
131318 0
13212 0
214472 2
358884 4
411005 0
13213 2
13269 3
13652 0
13654 0
13656 0
83746 0
1115959 0
119686 0
987188 0
13658 0
294239 0
13717 1
37998 1
13966 2
13972 2
1126050 2
13982 4
34979 4
14062 5
1152358 5
646836 5
97390 5
98693 5
14083 0
1103016 0
14090 3
643069 3
14529 6
1103038 6
239829 6
14531 6
1105932 1
1152308 6
56167 6
592830 1
60682 6
14545 0
14807 4
264347 4
15076 0
25702 0
708945 0
175576 4
210309 4
217115 4
35854 4
41666 4
89547 4
15431 4
12558 5
1110024 6
1118388 6
15892 6
175909 6
1116146 6
15984 3
158098 3
15987 3
523394 3
653441 3
714289 3
16008 3
1131165 3
189571 3
189572 3
16437 0
152219 0
430329 0
51831 0
1105603 0
1129621 0
16471 0
1104787 0
1114992 0
273949 4
16476 0
1123087 0
16485 0
105856 0
1109891 0
1120049 0
16819 3
1131167 3
1131236 3
1131274 3
1131312 3
126793 3
643003 3
643221 3
644093 3
644334 3
646195 3
646286 3
16843 3
1152259 3
1152991 3
17201 2
1126012 3
184157 2
95435 2
1152633 3
17242 3
17363 0
17477 5
17488 2
17811 5
1107136 5
18251 6
18313 2
18532 0
86923 0
18536 0
1106854 0
424540 0
1153091 1
18770 3
28964 3
531348 3
531351 3
18773 3
88356 3
18774 3
73146 3
18777 3
103537 3
1112686 3
173863 3
66794 3
79817 3
18781 4
18785 3
18811 3
1106401 4
20920 3
18812 3
510715 3
18815 6
18832 2
18833 2
18834 2
1152944 2
593210 5
593328 5
593329 5
19231 4
1153736 4
12960 4
30934 4
686061 4
19621 0
1128846 0
1131464 0
123825 0
240791 5
628888 0
649730 0
649739 0
66990 0
853116 0
948147 0
19697 0
40124 4
20178 6
38829 6
64271 6
91853 6
20179 6
95188 6
1108597 6
1114777 6
1116397 6
1116839 6
1119180 6
112813 6
1130653 6
1130657 6
1138091 6
1152244 6
1153877 6
1153879 6
1153889 6
144330 4
566488 6
566653 6
566664 6
20528 6
70442 6
20584 0
1106849 0
1118823 4
20592 0
389715 4
1118209 4
1121537 4
20821 1
1127863 1
20923 3
1115701 3
1116530 3
20924 3
289885 3
294030 3
1116181 4
22229 5
1103383 5
1107418 5
1128369 5
144701 5
22241 5
243483 5
459216 5
595193 5
22386 6
1128407 6
38846 6
107251 4
107252 4
1121459 6
22564 6
36140 4
63915 0
94229 0
1110563 0
22869 6
22876 6
22874 6
22875 6
22883 4
22886 6
1107367 6
23069 3
23070 3
74700 3
1116044 3
134307 3
134316 3
74698 3
87915 3
23116 4
1105433 3
1111978 3
152731 0
217852 1
101662 4
1153064 4
189574 3
27249 4
84020 3
24043 0
1111265 0
928873 0
24476 3
1103499 3
1153024 3
24530 2
24966 4
1106671 0
1123576 0
1131149 0
1154042 0
124828 0
145134 0
145176 0
197452 0
202639 0
27627 4
63549 0
65212 0
671293 3
95719 3
24974 0
1104258 0
1112723 0
34315 0
40125 3
285675 0
385572 0
1153897 5
147870 0
25772 0
1104769 3
1122580 4
1126503 6
641956 0
25791 0
45212 0
25794 0
1110028 4
1121063 4
248119 4
27203 4
23545 4
27241 4
27243 4
27246 0
1128990 5
27514 0
27530 0
1128542 0
27531 0
592826 1
1112026 0
34961 0
27543 0
27623 0
1104182 2
27632 2
686015 0
686030 0
116021 4
27895 4
325497 2
28230 3
28249 2
1152436 6
28267 6
308529 2
567005 0
28336 5
108047 5
28359 2
28385 2
118558 2
28389 2
28412 2
194645 2
28487 2
28489 2
28491 2
1152910 2
28504 2
1139928 4
131315 0
365294 2
28542 2
32260 4
28649 4
155738 4
578669 5
595157 5
28957 3
159897 3
1125402 3
1125944 6
29492 0
1112426 0
1122574 0
131117 0
144408 0
29708 0
400473 0
29723 3
30817 0
144679 6
31055 0
31083 4
48066 4
31105 0
1105672 0
1063773 0
1124844 0
1129608 0
1135746 4
1152162 0
1152272 0
1152904 0
286562 0
31927 0
686559 0
31479 3
39165 3
31483 3
118682 3
31489 3
40583 3
40605 3
632796 3
632874 3
632935 3
633721 3
67245 0
67246 0
31863 3
358894 4
91581 3
1129572 0
32083 0
1153933 0
200630 0
346292 0
45605 5
688361 0
32276 4
174418 4
636500 4
84695 0
33231 3
1132887 3
33301 6
33325 4
1110256 4
124296 0
34708 0
78549 0
78552 0
78557 0
33823 0
1119004 0
33895 5
1110546 5
34257 0
1106771 0
1111186 0
1114398 0
1115456 0
1116974 0
1122642 0
192870 0
34263 0
34266 0
368605 0
87482 0
90655 0
503871 5
682815 5
35335 0
168958 0
59772 0
1104031 6
1116410 6
35778 3
108962 3
108983 3
519318 3
1128974 5
399370 0
60169 0
627024 0
35852 2
41732 2
134060 4
1105116 3
194223 3
390894 3
66982 0
36131 3
77438 3
350373 4
46500 4
36162 3
189620 3
36802 3
189856 3
37888 3
589923 3
590022 3
37483 6
37541 4
260979 4
37879 3
1128997 5
1129610 5
1153942 5
117316 5
592975 5
592986 5
593060 5
606647 5
61069 5
38537 3
1131270 3
1131277 3
137868 3
153063 3
642847 3
1110579 6
39127 1
1128881 1
1128927 1
1128935 1
116081 1
116087 1
195150 1
46476 1
75972 1
39210 0
66986 0
39890 3
1123689 3
1154229 3
1154232 3
1154233 3
242663 3
51045 3
521855 3
559804 3
714256 3
40131 0
118079 2
40135 0
1104261 4
884094 3
40886 0
41216 0
1113551 6
128383 6
943087 4
144212 5
182094 5
44455 5
42156 0
1118120 0
1152179 0
42209 4
42221 4
42848 5
1116835 0
43186 0
1135894 0
206524 1
48075 1
227178 5
44514 0
253971 0
606479 5
45052 3
1131266 3
45188 4
1130929 0
1105450 4
1132385 4
45533 0
1104495 0
45603 2
1131639 0
975567 5
1152569 5
46452 1
46470 4
46491 4
137380 1
46547 4
51834 4
46501 4
1153275 4
46887 0
1153106 0
47682 0
1125393 6
47683 6
48555 0
48764 2
48768 2
48781 5
1134865 5
397488 5
423816 5
1112369 0
217984 0
683355 3
50354 0
123556 0
289088 0
50838 0
51049 3
1134320 3
51052 3
51879 3
51934 0
300806 0
446271 3
53942 4
1128291 5
1128319 5
1136791 5
117315 5
578645 5
578646 5
578649 5
593022 5
1128982 5
141324 5
459213 5
459214 5
593859 5
593942 5
59715 5
54132 5
593921 5
594387 5
62634 5
1104946 4
55770 6
55801 6
56115 5
1119178 6
239810 6
56708 2
57119 5
1132731 5
711527 4
57932 0
58436 6
1114239 5
87417 5
58453 5
1113828 0
248395 0
58758 5
1128208 5
576973 5
59626 4
96845 5
59798 0
60159 0
61073 5
61312 5
61417 1
1106764 1
94416 1
62329 5
1131565 0
195792 5
251756 5
593155 5
650834 5
62333 0
1107325 6
1107558 3
62676 0
312409 0
83461 1
63812 6
1105360 1
63835 6
64319 4
65057 3
1125909 3
519353 3
65074 3
1110209 3
1117920 3
142268 3
714748 3
1112319 4
1123530 5
66564 5
66596 1
362926 1
66751 4
1135750 0
1138043 4
573535 4
693143 4
695284 4
1105505 0
1153031 0
509315 5
82090 5
66809 2
1117501 0
171954 4
67584 3
1127558 3
1127566 3
562067 3
67633 6
68115 6
68224 0
69198 0
231198 0
70281 0
70444 6
70520 2
70970 5
593068 5
71336 0
71736 3
71904 0
1135122 0
1118347 0
72406 2
954315 1
73162 3
1134348 3
189774 3
714260 3
714879 3
73323 6
1105810 6
74427 0
74821 3
1120252 3
1131150 0
74975 6
1107041 6
75121 6
75318 0
103430 0
1121569 0
75693 2
75694 2
75969 1
1128856 1
75983 0
1115790 0
77108 4
77112 4
106590 3
1129994 3
1129907 3
613409 3
78508 0
575402 5
78555 0
662279 0
662572 0
1121659 3
1131466 3
358866 3
80491 0
80656 0
81714 6
82666 6
82920 5
1125492 5
1128198 5
1129367 5
576691 5
83847 0
1130678 0
1106298 4
1133047 5
509233 4
85324 0
628751 0
577086 5
85449 0
86258 4
1133469 2
1114184 0
1153786 3
89308 6
103528 6
137130 3
1116328 0
1152379 4
237376 4
90470 3
91038 3
92589 3
93273 4
93318 0
1152958 0
143801 0
284023 0
284025 0
93755 4
1111733 0
94639 5
94641 5
116553 5
95198 6
95588 2
95594 2
95597 2
95642 6
990075 6
594025 5
96851 5
100935 5
99030 0
193931 0
100701 6
596075 6
101261 4
102061 5
102939 0
1154074 0
1113742 5
246618 5
103531 6
656048 6
126912 3
103543 3
126927 3
289085 0
193932 0
1095507 3
1107385 0
1153899 5
578898 5
108963 3
310653 3
108974 3
1133417 3
683404 3
110041 5
111676 6
112099 6
112787 6
116528 4
116545 5
117328 6
1115166 6
118424 0
118435 0
1121739 2
118873 0
1109566 4
119712 5
1140543 0
120817 0
1109873 0
141160 0
1154276 0
124952 3
1119742 3
1126011 3
189721 3
126909 3
126920 3
645897 3
126926 3
127940 0
1114364 0
243274 0
128203 4
128202 4
1108363 6
1121313 6
129287 0
907845 0
131122 0
131317 0
132821 4
133553 0
133567 0
481073 2
134199 5
164885 5
447224 5
134219 5
134314 3
134315 3
134320 3
135464 0
1135589 0
135798 6
136767 4
137359 1
1118286 1
137790 4
1131300 3
1154068 3
139738 0
1108841 0
140005 4
1131345 0
917493 0
503877 5
608191 5
141596 0
143323 6
143476 3
1131549 5
219446 0
1128975 5
1136342 5
595063 5
145384 2
1109185 0
1132434 0
148341 5
1109208 5
1120786 0
987197 4
583318 5
1131223 3
561568 3
561581 3
561593 3
561595 3
561610 3
561613 3
645084 3
1130934 0
1133028 4
155158 1
397590 1
156794 3
1118017 0
158812 0
1127812 0
160732 1
1128853 1
1153922 0
162075 0
1109830 0
162080 0
737204 0
1135345 0
739707 0
163235 0
166420 4
166825 6
166989 4
168332 2
169280 0
656231 6
1138755 0
820662 4
174425 4
175256 5
175548 0
689152 0
753070 4
177115 6
177993 5
177998 5
178718 5
179180 0
179702 0
1152859 0
179706 0
1120084 0
182093 2
1131550 5
650814 5
189566 3
1153014 3
189623 3
189655 3
1129518 3
1134346 3
190698 0
191222 0
191216 0
193918 0
194609 0
1154520 0
126128 0
215912 0
563613 0
248823 2
377303 5
198866 6
199571 0
643734 0
202520 3
202522 3
643597 3
203646 0
205196 0
1130568 0
1130586 0
628764 0
628766 0
815096 0
950986 0
1128151 5
1129629 5
210872 5
213246 0
216877 1
1117618 4
216878 4
1152663 2
567018 0
219976 6
220420 5
226698 0
1122304 0
1128946 5
230879 0
1133428 0
696343 0
851968 0
1153195 0
233106 0
12275 0
630890 0
238401 4
240321 0
1113541 0
245288 2
1121398 5
248431 5
250566 6
253762 3
255628 0
258259 0
260121 0
261040 6
262108 0
262121 5
262178 5
1138968 5
263069 5
263482 1
264556 0
335042 0
267824 0
270456 0
270600 0
1114838 4
278394 0
278403 0
1152959 0
285687 0
286513 5
1153784 5
289945 0
292277 5
578845 5
1133010 3
1131198 5
643199 5
307656 5
270085 5
318071 3
318187 1
1117089 2
325314 0
330208 0
337766 6
1118546 3
358887 3
360028 4
370366 0
375605 5
379288 6
390693 0
684972 3
1135115 0
416867 4
416964 0
645571 3
446610 3
1123093 1
459206 5
466170 0
467383 5
1128977 5
1131374 5
1154076 5
577331 5
646913 5
1125597 5
1125906 3
1125953 1
521183 6
1125993 6
522338 3
1132864 3
683360 3
523010 0
523574 3
561582 3
646440 3
561611 3
561674 0
1127541 0
561789 3
1127551 3
561809 3
562940 1
1127810 0
573553 4
1138970 4
593544 5
608190 5
1131734 5
576362 5
1128201 5
578365 0
1153900 5
578650 5
1128943 5
1128978 5
593559 5
593560 5
579108 5
1128437 4
582349 0
592993 5
592996 5
593248 5
593104 5
1129015 5
593201 5
593209 5
1153896 5
594011 5
594039 5
594511 5
601462 5
1129368 5
1129369 5
626999 0
631015 0
633081 3
672070 0
672071 0
642621 3
1131164 3
1131258 3
642641 3
642681 3
644441 3
642798 3
1131172 3
644470 3
642894 3
1131180 3
1131301 3
1131335 3
643239 3
643485 3
645046 3
645870 3
646334 3
646357 3
1131189 3
1131192 3
1131257 3
1131305 3
1131334 3
644448 3
644577 3
643695 3
643777 0
643735 0
644361 3
645016 3
644363 3
644427 3
1131314 3
644494 3
644843 3
1154071 3
645088 3
645452 3
646289 3
646900 5
1131359 5
647315 5
650807 5
1131741 5
654339 5
1131828 6
1132443 0
1132505 0
675756 0
684531 0
687401 0
688849 0
714208 3
1154230 3
733534 0
733576 0
734406 0
735311 0
738941 0
1135455 0
739816 0
1140548 0
753047 4
1136631 4
1136634 4
753264 4
767763 4
756061 0
1136110 0
1136447 0
762980 0
1136449 0
815073 0
1140231 0
853114 0
853155 0
853115 0
853118 0
